01001	164.65920
01003	172.48139
01005	217.79040
01007	221.01509
01009	188.36591
01011	171.04126
01013	187.76482
01015	194.68061
01017	209.80877
01019	161.85985
01021	190.51862
01023	156.32556
01025	202.91756
01027	200.78139
01029	188.95239
01031	179.66199
01033	195.60801
01035	204.75500
01037	220.26871
01039	211.50057
01041	208.13498
01043	190.08927
01045	199.96898
01047	212.15991
01049	192.52829
01051	192.58597
01053	189.96265
01055	198.11101
01057	202.03254
01059	235.36822
01061	232.50790
01063	107.66572
01065	176.55224
01067	212.78720
01069	190.46361
01071	204.26872
01073	190.25642
01075	214.48198
01077	204.47060
01079	205.35691
01081	186.09356
01083	171.60483
01085	229.70507
01087	236.71032
01089	177.64528
01091	172.16700
01093	202.05934
01095	199.26196
01097	218.40806
01099	191.81390
01101	202.06589
01103	195.02692
01105	248.69065
01107	196.81891
01109	189.54932
01111	211.03242
01113	225.66761
01115	189.78389
01117	153.04592
01119	212.38437
01121	197.52175
01123	189.60820
01125	173.66079
01127	234.73461
01129	242.55356
01131	247.91568
01133	220.17430
02020	171.04455
02050	247.70162
02090	182.75369
02110	153.49131
02122	202.61206
02130	211.50316
02150	210.13018
02170	184.71253
02180	194.61871
02185	318.28006
02220	128.16180
02240	174.77749
02261	174.26154
02270	305.08131
02280	214.70324
04001	139.82957
04003	157.05968
04005	117.10587
04007	171.99575
04009	200.51008
04011	147.25447
04012	143.17683
04013	149.46221
04015	200.09006
04017	143.36667
04019	160.39517
04021	137.10459
04023	138.85924
04025	162.11202
04027	137.22818
05001	217.38924
05003	212.87299
05005	197.61110
05007	164.92396
05009	204.01241
05011	215.24992
05013	204.01668
05015	170.27955
05017	200.97674
05019	185.32687
05021	249.86854
05023	185.59448
05025	198.64747
05027	192.49518
05029	145.14239
05031	196.52336
05033	185.40034
05035	250.74742
05037	211.38844
05039	266.29430
05041	221.22797
05043	206.50434
05045	186.46039
05047	231.05406
05049	225.48573
05051	196.34850
05053	164.64444
05055	195.81149
05057	206.10732
05059	198.46524
05061	265.13984
05063	162.19770
05065	166.21476
05067	217.43446
05069	201.03209
05071	190.26282
05073	254.39487
05075	230.90750
05077	221.38456
05079	209.44469
05081	237.70882
05083	245.09914
05085	203.79139
05087	197.91845
05089	209.90810
05091	217.14816
05093	249.06368
05095	232.88469
05097	148.57841
05099	215.31546
05101	246.56789
05103	200.19074
05105	233.59112
05107	231.99009
05109	168.10874
05111	258.12308
05113	190.59582
05115	196.16769
05117	210.73901
05119	197.98563
05121	229.30424
05123	185.89963
05125	164.96113
05127	177.62490
05129	238.79730
05131	194.68026
05133	177.55262
05135	198.97085
05137	152.69205
05139	231.51066
05141	188.30927
05143	171.79330
05145	195.34308
05147	206.10831
05149	206.00925
06001	154.45429
06005	170.12189
06007	180.37159
06009	156.52050
06011	151.64998
06013	152.85030
06015	207.92383
06017	161.05934
06019	156.43387
06021	167.91117
06023	183.00296
06025	137.84531
06027	143.80401
06029	165.91248
06031	144.86598
06033	187.62287
06035	202.39533
06037	154.52595
06039	158.26429
06041	141.07450
06043	138.52967
06045	179.00584
06047	161.77976
06049	180.44620
06051	122.81953
06053	143.04343
06055	187.84761
06057	143.86587
06059	148.47731
06061	159.69430
06063	167.02043
06065	161.28581
06067	171.74490
06069	157.34153
06071	170.62671
06073	161.49144
06075	150.07093
06077	166.52036
06079	160.34205
06081	148.80532
06083	144.00366
06085	140.01351
06087	146.69331
06089	208.36383
06093	206.06660
06095	182.10173
06097	173.31265
06099	162.72137
06101	164.31790
06103	185.96339
06105	211.11100
06107	161.10179
06109	158.33465
06111	153.98001
06113	159.98718
06115	197.85650
08001	166.45623
08003	146.36943
08005	150.30365
08007	104.31620
08009	162.82861
08011	182.84518
08013	130.64138
08014	153.66119
08015	125.38392
08019	162.22214
08021	162.37607
08027	191.66713
08029	152.48368
08031	170.25137
08035	139.56338
08037	77.42835
08039	143.77171
08041	150.69675
08043	166.21414
08045	146.90640
08049	102.32095
08055	148.37701
08059	142.44905
08063	174.97553
08067	120.70817
08069	141.03561
08071	149.09358
08073	165.38024
08075	155.52093
08077	159.60563
08081	139.10463
08083	164.19333
08085	166.19425
08087	155.30557
08089	156.32298
08093	132.99050
08095	176.03419
08097	74.43802
08099	213.28414
08101	164.18203
08103	145.85993
08105	117.30475
08107	98.94957
08109	239.26368
08117	105.06945
08119	170.32986
08121	139.64288
08123	161.54626
08125	155.43811
09001	145.60620
09003	162.13771
09005	157.23687
09007	162.51385
09009	177.84706
09011	170.94418
09013	169.52041
09015	180.58420
10001	200.17018
10003	179.12500
10005	176.79827
11001	187.77436
12001	184.59889
12003	193.55018
12005	203.71946
12007	220.56565
12009	184.66986
12011	163.61763
12013	169.30571
12015	161.12615
12017	184.10573
12019	192.53101
12021	126.16477
12023	201.79351
12027	187.73143
12029	184.69714
12031	199.31652
12033	194.11441
12035	175.77515
12037	229.03309
12039	179.78696
12041	197.00061
12043	147.14979
12045	185.04276
12047	190.52137
12049	173.37613
12051	181.76528
12053	184.84661
12055	159.48057
12057	178.00516
12059	208.11433
12061	170.05995
12063	198.56930
12065	159.11001
12067	241.44408
12069	182.39353
12071	145.96476
12073	162.41121
12075	230.64820
12077	264.15293
12079	160.57193
12081	152.35381
12083	188.18679
12085	153.11610
12086	142.90602
12087	178.80764
12089	166.33705
12091	192.03018
12093	202.15282
12095	168.42846
12097	155.79820
12099	150.68472
12101	174.51366
12103	170.97231
12105	176.30171
12107	210.40685
12109	163.12368
12111	166.60968
12113	185.82426
12115	150.75621
12117	170.23765
12119	147.41178
12121	202.60233
12123	196.29426
12125	353.53800
12127	177.28069
12129	206.78975
12131	177.67460
12133	228.25404
13001	166.70180
13003	199.19492
13005	152.89687
13009	187.23361
13011	148.24953
13013	185.24881
13015	201.57916
13017	234.65914
13019	184.84162
13021	196.08833
13023	178.05241
13025	271.34825
13027	154.98677
13029	214.50667
13031	198.89893
13033	178.92236
13035	237.16218
13039	164.33650
13043	198.63615
13045	192.22305
13047	184.22208
13049	147.57973
13051	171.52655
13055	202.21187
13057	154.26214
13059	161.92011
13063	168.30810
13065	157.22457
13067	151.00653
13069	185.48029
13071	179.27217
13073	146.30057
13075	186.92525
13077	176.99399
13079	195.59239
13081	158.30718
13083	232.49424
13085	162.77223
13087	215.15743
13089	161.32914
13091	206.05905
13093	136.92017
13095	184.48622
13097	180.71581
13099	205.02116
13103	197.53773
13105	167.13071
13107	190.12818
13109	190.44129
13111	177.58478
13113	140.81030
13115	198.14258
13117	135.17764
13119	199.83099
13121	171.43575
13123	135.10327
13127	177.12464
13129	212.76119
13131	189.49418
13133	159.67468
13135	152.60098
13137	178.66464
13139	156.97062
13141	172.90778
13143	226.78579
13145	156.39355
13147	199.81643
13149	184.81432
13151	174.11310
13153	181.00857
13155	216.45675
13157	199.56854
13159	129.41549
13161	185.69076
13163	195.45596
13165	231.54263
13167	152.83223
13169	164.61793
13171	220.25661
13173	270.86981
13175	180.66696
13177	216.79235
13179	163.81534
13181	193.49464
13183	220.49925
13185	199.14000
13187	174.67239
13189	240.48176
13191	175.76968
13193	199.84831
13195	227.98147
13197	223.66688
13199	195.08427
13201	186.18593
13205	182.20672
13207	149.95183
13209	200.38189
13211	154.84068
13213	217.92170
13215	194.76165
13217	184.18284
13219	137.39333
13221	185.82700
13223	179.32652
13225	215.67065
13227	184.34625
13229	239.66925
13231	215.46468
13233	204.62079
13235	137.98656
13237	181.31749
13239	273.64864
13241	171.81961
13243	140.11999
13245	200.68876
13247	158.33398
13251	195.99091
13253	174.95452
13255	189.07241
13257	203.68628
13259	234.47924
13261	183.61272
13263	182.86363
13267	234.84662
13269	162.29273
13271	148.98450
13273	181.70972
13275	210.45484
13277	168.59905
13279	179.38792
13281	182.64684
13283	200.56005
13285	200.02087
13287	180.29548
13289	199.01751
13291	155.47841
13293	183.15513
13295	218.53711
13297	212.71044
13299	164.40680
13301	299.07867
13303	190.84309
13305	218.31788
13309	184.52456
13311	157.47355
13313	186.43539
13315	206.93669
13317	224.07429
13319	148.10752
13321	155.04817
15001	154.17364
15003	138.16944
15007	155.89814
15009	137.62501
16001	155.09044
16005	148.38084
16007	142.70432
16009	226.39478
16011	173.75010
16013	97.79919
16015	216.82625
16017	187.04129
16019	133.69182
16021	167.09631
16027	153.87052
16029	169.70812
16031	149.12415
16035	150.38617
16039	166.88527
16041	148.74147
16043	140.68395
16045	206.37651
16047	136.18446
16049	172.33180
16051	122.25550
16053	169.99597
16055	173.54561
16057	150.31226
16059	140.65758
16061	212.13966
16065	133.09618
16067	175.66413
16069	171.30446
16073	162.20654
16075	163.93712
16079	232.15782
16083	171.95206
16085	152.22887
16087	177.52358
17001	166.44253
17003	151.95969
17005	162.21719
17007	164.14013
17009	162.30003
17011	181.40371
17013	154.87853
17015	197.07506
17017	192.85401
17019	156.63462
17021	205.21861
17023	208.06380
17025	208.08264
17027	183.30217
17029	172.98296
17031	182.10623
17033	198.52012
17035	177.82460
17037	175.83469
17039	210.56473
17041	173.00500
17043	158.09516
17045	158.71467
17047	199.84912
17049	183.97190
17051	161.23176
17053	219.77191
17055	214.17211
17057	200.87350
17059	219.21557
17061	222.04802
17063	202.03682
17065	263.73390
17067	166.04497
17069	257.05423
17071	171.37676
17073	208.14989
17075	185.80087
17077	183.05473
17079	161.41506
17081	210.75663
17083	165.56107
17085	161.11979
17087	190.20901
17089	161.25505
17091	199.66329
17093	160.67864
17095	184.03591
17097	161.12064
17099	195.75697
17101	195.73369
17103	204.06580
17105	164.08165
17107	186.84034
17109	176.74715
17111	183.32661
17113	177.04229
17115	202.73441
17117	176.45496
17119	196.28270
17121	218.03395
17123	181.46935
17125	199.95593
17127	205.03594
17129	184.97549
17131	150.30732
17133	156.74076
17135	215.58284
17137	168.99899
17139	162.81780
17141	164.58323
17143	199.99463
17145	177.14714
17147	148.05453
17149	174.34258
17151	148.42490
17153	213.54924
17155	195.22551
17157	183.28456
17159	192.28482
17161	175.34658
17163	196.64985
17165	208.52279
17167	188.74167
17169	174.83296
17171	165.45157
17173	185.27212
17175	160.40994
17177	176.97029
17179	199.50594
17181	186.68778
17183	207.91469
17185	166.22455
17187	150.15049
17189	152.83877
17191	199.79620
17193	254.95576
17195	185.83725
17197	181.78923
17199	211.57073
17201	184.45133
17203	171.28162
18001	166.41102
18003	176.96773
18005	193.56657
18007	170.42601
18009	198.65833
18011	194.79358
18013	193.58135
18015	173.41444
18017	192.47665
18019	194.03584
18021	150.55363
18023	209.91513
18025	173.44542
18027	181.74100
18029	195.15866
18031	185.49934
18033	195.88115
18035	209.79801
18037	176.86057
18039	170.71938
18041	235.31541
18043	193.56524
18045	231.32498
18047	187.00414
18049	204.88822
18051	170.40209
18053	215.94762
18055	200.90394
18057	157.16278
18059	177.08815
18061	177.24468
18063	173.26400
18065	182.73848
18067	185.75448
18069	204.17096
18071	202.92345
18073	229.47732
18075	228.13886
18077	166.79116
18079	219.06246
18081	167.62684
18083	174.33645
18085	188.29719
18087	161.10592
18089	201.31579
18091	185.96152
18093	210.19539
18095	190.15168
18097	202.52432
18099	165.48914
18101	155.22140
18103	189.14219
18105	169.04297
18107	174.29951
18109	190.04064
18111	208.30603
18113	188.81580
18115	200.62513
18117	189.83086
18119	245.79569
18121	191.48456
18123	194.20915
18125	192.66415
18127	182.96220
18129	171.71205
18131	206.45266
18133	196.74991
18135	200.28722
18137	199.24679
18139	227.47334
18141	183.74468
18143	229.25311
18145	200.90876
18147	189.37640
18149	212.04623
18151	147.67210
18153	197.65821
18155	261.11024
18157	168.89803
18159	132.46542
18161	226.01084
18163	195.66006
18165	198.17641
18167	212.29983
18169	178.78127
18171	230.90242
18173	165.35964
18175	223.82979
18177	213.93410
18179	158.46736
18181	231.13618
18183	177.78643
19001	186.47057
19003	164.17669
19005	138.27871
19007	217.77637
19009	182.93312
19011	173.61300
19013	182.21786
19015	177.94671
19017	139.55474
19019	173.72937
19021	129.77379
19023	152.48646
19025	183.81897
19027	176.96485
19029	232.99784
19031	160.83795
19033	161.76546
19035	149.77412
19037	173.56520
19039	186.15826
19041	173.55659
19043	178.34619
19045	185.57362
19047	153.88801
19049	130.11553
19051	107.43221
19053	217.05550
19055	159.23393
19057	164.27557
19059	149.90371
19061	176.97005
19063	166.22770
19065	173.59869
19067	170.10107
19069	154.82851
19071	192.10799
19073	204.49931
19075	179.14927
19077	172.77424
19079	159.39894
19081	171.14910
19083	193.10538
19085	194.73656
19087	161.62497
19089	150.12118
19091	94.27009
19093	155.18685
19095	184.60643
19097	172.74154
19099	197.99986
19101	162.07921
19103	163.57595
19105	155.83035
19107	142.70575
19109	127.18194
19111	165.12963
19113	168.98108
19115	152.15262
19117	186.57718
19119	159.92660
19121	201.77562
19123	191.29742
19125	178.51633
19127	157.37101
19129	219.86399
19131	124.65821
19133	157.60254
19135	174.81986
19137	163.61464
19139	153.57784
19141	200.59063
19143	164.73178
19145	185.24838
19147	136.18613
19149	137.50401
19151	123.01431
19153	193.22720
19155	185.23365
19157	156.89480
19159	181.09702
19161	154.42135
19163	178.52779
19165	140.28699
19167	133.04160
19169	147.65028
19171	178.77823
19173	190.87703
19175	185.96226
19177	201.92215
19179	179.29163
19181	191.01058
19183	163.34725
19185	145.40755
19187	149.56718
19189	158.89654
19191	136.30374
19193	179.18409
19195	136.69472
19197	177.81630
20001	161.59478
20003	133.61753
20005	211.57584
20007	206.72286
20009	189.96299
20011	157.71543
20013	166.74534
20015	191.23558
20019	169.88816
20021	222.71050
20027	183.92322
20029	199.05175
20031	181.34629
20035	185.63669
20037	182.09178
20039	203.25193
20041	170.16362
20043	152.92681
20045	163.34585
20047	265.95989
20049	290.22303
20051	146.99163
20053	157.69053
20055	164.41364
20057	167.32192
20059	182.13114
20061	219.80277
20067	151.23091
20069	179.72115
20073	162.53291
20077	195.05846
20079	148.19176
20085	183.77115
20087	167.20526
20089	174.67759
20091	150.57042
20095	144.58456
20099	190.20711
20103	171.39927
20107	210.48020
20111	157.52721
20113	163.13068
20115	129.62349
20117	155.75724
20119	191.58764
20121	174.51908
20123	153.33762
20125	208.80264
20127	164.64688
20131	137.06357
20133	170.86216
20137	164.15977
20139	179.58034
20143	121.87042
20145	174.76738
20147	142.85608
20149	164.20960
20151	153.31247
20155	178.70083
20157	168.68223
20159	176.87952
20161	149.54515
20163	177.50553
20167	181.29466
20169	162.08182
20171	169.26330
20173	175.55945
20175	181.34544
20177	174.63951
20181	166.14994
20183	167.93500
20191	203.55842
20193	184.79157
20197	141.01373
20201	198.79789
20205	185.69627
20207	281.08454
20209	226.74040
21001	208.59177
21003	197.14358
21005	224.26668
21007	220.37485
21009	205.90891
21011	238.21478
21013	219.02356
21015	177.28818
21017	199.41768
21019	191.86403
21021	191.64250
21023	247.23607
21025	236.28661
21027	190.40916
21029	191.81063
21031	222.94209
21033	216.43922
21035	203.00881
21037	212.32880
21039	253.78866
21041	223.54173
21043	230.73427
21045	285.77455
21047	187.62972
21049	203.20196
21051	309.79543
21053	227.51972
21055	179.15042
21057	201.41595
21059	208.29003
21061	185.23779
21063	154.27144
21065	254.33596
21067	183.18482
21069	204.07117
21071	240.69549
21073	219.43315
21075	227.38264
21077	197.80727
21079	187.48799
21081	213.67354
21083	215.70404
21085	210.49657
21087	172.35988
21089	214.89390
21091	188.15117
21093	210.15718
21095	263.37732
21097	189.79439
21099	250.54178
21101	206.39581
21103	238.04200
21105	266.94070
21107	203.60027
21109	268.81325
21111	191.81878
21113	201.74856
21115	251.66957
21117	197.31880
21119	220.03673
21121	251.58609
21123	191.23184
21125	220.40153
21127	264.05615
21129	311.41060
21131	289.42554
21133	233.44339
21135	266.72855
21137	210.22650
21139	264.12163
21141	216.63081
21143	221.26232
21145	180.88037
21147	213.65364
21149	214.45941
21151	201.42432
21153	238.55243
21155	222.16467
21157	204.52512
21159	272.06051
21161	282.33129
21163	231.97049
21165	267.70791
21167	220.74938
21169	233.79223
21171	238.82120
21173	163.88757
21175	244.05842
21177	226.50428
21179	177.71394
21181	272.10759
21183	222.10892
21185	168.05147
21187	149.43529
21189	287.31282
21191	174.45203
21193	303.31643
21195	235.24690
21197	308.96646
21199	214.65167
21203	230.43567
21205	237.00458
21207	228.99001
21209	189.80912
21211	151.64549
21213	211.67716
21215	189.29523
21217	210.28121
21219	196.12578
21221	202.50936
21223	237.60513
21225	217.82577
21227	184.33646
21229	163.24445
21231	182.89485
21233	234.30089
21235	238.47090
21237	233.52506
21239	173.95528
22001	241.30273
22003	201.11565
22005	172.68435
22007	207.59990
22009	251.00831
22011	211.42274
22013	210.99796
22015	182.78586
22017	211.13910
22019	203.13337
22021	195.82984
22023	189.40814
22025	193.63159
22027	186.52146
22029	217.42570
22031	209.22919
22033	179.45453
22035	264.51803
22037	210.08979
22039	202.18222
22041	173.23088
22043	227.27590
22045	222.49457
22047	215.89744
22049	232.14146
22051	192.24785
22053	197.23760
22055	182.94470
22057	199.14955
22059	222.91278
22061	219.87554
22063	188.76838
22065	204.98197
22067	193.78129
22069	179.04842
22071	203.38859
22073	194.78159
22075	167.75652
22077	213.62356
22079	182.13423
22081	115.46553
22083	189.67051
22085	219.95726
22087	255.69393
22089	213.69532
22091	217.32093
22093	223.83112
22095	227.34640
22097	216.85117
22099	193.71403
22101	203.47563
22103	181.26285
22105	219.47501
22107	155.23781
22109	210.76169
22111	221.38879
22113	181.68750
22115	213.34758
22117	210.99498
22119	222.11591
22121	172.75484
22123	187.81845
22125	122.58164
22127	219.30330
23001	194.18645
23003	198.68668
23005	170.72470
23007	184.59257
23009	165.66319
23011	213.07181
23013	175.46437
23015	178.34172
23017	197.00868
23019	193.77869
23021	185.18679
23023	174.66617
23025	208.95027
23027	191.20675
23029	228.39038
23031	175.25821
24001	186.40987
24003	179.08431
24005	183.45225
24009	176.84221
24011	193.29745
24013	176.68339
24015	203.41904
24017	186.24867
24019	190.61366
24021	159.42938
24023	158.41372
24025	173.10341
24027	130.84047
24029	214.30523
24031	123.77881
24033	180.65177
24035	169.02027
24037	173.19791
24039	227.91144
24041	164.21957
24043	184.83034
24045	203.93071
24047	197.51176
24510	227.70260
25001	167.19213
25003	159.63818
25005	175.50739
25007	189.62371
25009	168.89125
25011	164.18600
25013	190.11015
25015	159.13471
25017	165.06875
25019	166.47439
25021	169.20951
25023	187.63406
25025	184.67032
25027	180.44925
26001	174.12869
26003	153.60546
26005	164.10079
26007	161.57018
26009	178.28308
26011	228.77994
26013	180.50847
26015	158.90677
26017	183.73187
26019	147.29938
26021	181.84253
26023	171.73108
26025	194.47184
26027	198.26175
26029	159.91828
26031	185.93880
26033	169.70173
26035	213.71926
26037	155.35738
26039	174.67263
26041	175.59524
26043	165.01958
26045	185.44553
26047	171.94121
26049	202.98077
26051	190.19716
26053	208.43815
26055	147.55989
26057	179.95512
26059	195.30028
26061	152.22181
26063	195.34924
26065	168.95851
26067	177.87158
26069	177.16494
26071	157.85049
26073	194.60755
26075	190.00899
26077	186.52521
26079	224.98101
26081	161.02983
26085	220.42473
26087	191.47057
26089	141.26113
26091	175.91887
26093	165.37639
26095	186.09862
26097	182.89143
26099	183.90724
26101	180.89618
26103	168.86962
26105	197.36508
26107	167.03315
26109	182.82819
26111	158.10500
26113	189.33301
26115	183.50618
26117	195.25214
26119	244.43240
26121	189.76156
26123	202.02013
26125	168.38998
26127	156.64084
26129	197.07156
26131	172.95608
26133	205.11102
26135	213.84202
26137	230.29501
26139	145.34620
26141	168.23880
26143	196.02036
26145	176.85416
26147	204.12779
26149	190.58965
26151	184.55344
26153	221.19241
26155	187.32572
26157	200.15843
26159	192.92674
26161	159.37976
26163	204.10616
26165	186.96308
27001	166.97743
27003	169.86339
27005	209.61360
27007	155.59648
27009	140.49936
27011	212.29112
27013	153.26800
27015	169.51809
27017	202.03064
27019	144.88593
27021	177.93849
27023	133.11300
27025	152.29626
27027	147.66430
27029	196.48522
27031	145.09742
27033	188.32415
27035	180.34381
27037	159.53458
27039	152.07634
27041	180.47101
27043	139.78648
27045	149.67876
27047	187.38633
27049	178.16926
27051	183.79009
27053	167.89529
27055	156.48253
27057	147.98005
27059	153.58138
27061	178.85061
27063	134.59826
27065	170.07455
27067	158.06514
27069	215.27273
27071	169.13629
27073	147.98397
27075	194.41035
27077	149.29074
27079	176.26598
27081	150.30433
27083	166.05943
27085	176.75554
27087	228.63353
27089	159.25651
27091	170.29972
27093	151.83024
27095	200.04298
27097	170.55065
27099	166.86255
27101	149.31608
27103	137.17755
27105	125.51567
27107	186.29579
27109	154.34336
27111	169.63918
27113	163.43726
27115	147.65164
27117	197.81999
27119	197.51456
27121	146.03852
27123	172.97766
27127	183.67507
27129	200.61315
27131	170.21617
27133	160.84815
27135	138.44143
27137	186.11564
27139	163.36694
27141	177.13155
27143	209.18019
27145	153.61958
27147	157.97785
27149	150.27950
27151	181.00624
27153	140.83359
27155	132.43824
27157	155.82285
27159	177.51650
27161	160.14079
27163	165.04720
27165	182.63819
27167	150.35941
27169	174.06870
27171	186.61094
27173	162.15378
28001	209.37419
28003	192.91307
28005	173.00135
28007	221.24100
28009	204.05154
28011	241.90208
28013	207.72963
28015	224.21876
28017	225.34340
28019	187.73025
28021	181.06230
28023	191.55157
28025	197.12842
28027	257.93226
28029	201.73034
28031	213.37027
28033	192.59190
28035	211.00493
28037	166.83239
28039	213.08234
28041	175.48167
28043	209.79116
28045	186.80208
28047	200.71193
28049	174.91859
28051	245.89338
28053	253.59372
28057	202.96063
28059	203.27201
28061	186.06082
28063	189.47348
28065	205.10977
28067	190.99519
28069	162.04166
28071	154.98511
28073	172.44215
28075	150.33607
28077	201.74096
28079	260.86345
28081	275.73375
28083	226.58554
28085	219.33491
28087	171.09595
28089	326.73558
28091	205.85145
28093	228.35400
28095	160.12121
28097	189.41458
28099	168.29224
28101	179.40531
28103	187.80723
28105	139.39359
28107	220.33468
28109	221.50867
28111	222.04367
28113	244.76649
28115	172.31493
28117	190.37951
28119	246.64675
28121	151.39465
28123	186.61696
28125	216.98600
28127	169.37243
28129	223.53176
28131	253.65541
28133	219.92421
28135	223.03103
28137	242.26712
28139	174.30853
28141	190.30704
28143	243.85347
28145	147.13899
28147	212.42132
28149	194.82008
28151	230.75835
28153	204.85906
28155	228.91213
28157	223.97785
28159	174.99422
28161	228.16143
28163	177.37478
29001	150.26243
29003	132.51794
29005	223.64995
29007	209.01919
29009	184.78437
29011	150.81241
29013	200.56769
29015	222.46470
29017	200.93369
29019	175.54235
29021	168.92625
29023	205.50922
29025	175.94730
29027	192.77845
29029	151.93700
29031	166.93707
29033	174.10862
29035	289.95916
29037	188.29007
29039	200.74727
29041	199.53386
29043	156.20626
29045	225.55820
29047	190.64376
29049	183.15869
29051	169.82069
29053	212.19038
29055	221.02643
29057	219.96648
29059	209.03085
29061	185.02021
29063	129.16065
29065	234.14351
29067	165.43902
29069	230.01487
29071	176.48057
29073	191.79057
29075	192.39320
29077	180.58026
29079	226.75049
29081	195.04582
29083	224.06609
29085	188.27589
29087	135.08737
29089	159.30131
29091	200.28510
29093	245.82777
29095	191.57876
29097	185.16800
29099	207.63853
29101	187.68984
29103	193.61910
29105	178.72553
29107	193.50155
29109	176.97438
29111	217.81858
29113	194.48487
29115	228.29313
29117	226.76429
29119	209.93774
29121	127.03381
29123	240.94880
29125	198.41532
29127	177.95692
29129	241.15433
29131	182.52469
29133	279.61403
29135	195.49951
29137	163.33299
29139	190.61396
29141	206.98017
29143	238.77269
29145	189.31150
29147	152.71542
29149	141.67916
29151	140.32919
29153	170.55142
29155	236.13888
29157	176.44690
29159	215.89132
29161	175.01044
29163	195.14379
29165	159.44019
29167	182.46227
29169	170.58464
29171	187.14338
29173	182.55950
29175	194.46996
29177	193.18783
29179	213.38940
29181	231.88976
29183	163.70780
29185	188.27505
29186	189.24819
29187	210.77311
29189	170.96048
29195	202.38750
29197	208.08832
29199	185.55530
29201	211.29757
29203	212.49403
29205	152.98072
29207	191.32660
29209	186.07962
29211	190.01611
29213	165.42569
29215	158.78348
29217	194.91630
29219	190.09719
29221	206.11709
29223	238.82715
29225	183.49854
29229	219.89208
29510	222.17449
30001	121.85719
30003	135.13101
30005	184.43955
30007	158.20744
30009	150.00304
30013	158.43776
30015	141.94681
30017	191.60223
30021	172.65262
30023	195.76884
30027	185.55424
30029	155.44355
30031	135.97716
30035	204.03284
30041	191.74919
30043	178.10614
30047	169.53072
30049	175.49241
30053	171.62547
30057	129.21576
30061	158.20289
30063	164.02248
30065	226.43396
30067	141.26719
30073	203.57896
30077	214.42974
30081	149.60065
30083	157.26154
30085	241.09771
30087	151.18927
30089	126.87023
30091	151.62431
30093	182.51417
30095	92.98642
30097	192.24453
30099	184.51982
30101	189.03517
30105	121.34154
30111	170.28399
31001	156.36416
31003	145.74713
31011	188.86923
31013	136.58989
31019	157.28849
31021	189.17178
31023	156.43695
31025	215.59479
31027	125.41052
31031	145.30707
31033	155.17068
31035	199.15452
31037	173.41305
31039	120.44877
31041	176.50839
31043	165.48029
31045	218.07762
31047	130.51895
31051	201.91048
31053	181.27120
31055	178.94257
31059	124.68916
31065	121.33219
31067	166.01445
31077	239.94010
31079	167.90141
31081	177.97908
31083	224.81865
31089	174.22445
31093	148.54142
31095	166.73003
31097	156.29069
31099	130.64714
31101	162.37161
31107	168.72045
31109	150.70444
31111	167.92666
31119	189.10711
31121	151.53819
31125	169.12714
31127	153.53094
31129	164.89481
31131	156.88868
31137	150.90222
31139	198.15324
31141	137.63617
31143	175.21362
31145	189.92684
31147	214.99190
31151	163.67943
31153	170.64052
31155	206.18554
31157	166.23909
31159	166.88139
31161	174.35092
31163	287.32115
31167	151.90359
31169	143.01787
31173	191.54866
31175	187.30850
31177	170.92375
31179	133.20648
31181	177.81212
31185	160.62991
32001	216.44150
32003	171.23163
32005	154.67309
32007	143.87764
32013	189.40366
32017	152.04307
32019	216.64232
32021	263.80530
32023	220.40876
32027	165.83329
32031	173.89246
32033	179.67295
32510	203.29928
33001	195.18899
33003	172.49537
33005	151.85700
33007	180.14648
33009	151.31421
33011	168.00123
33013	164.70330
33015	174.92075
33017	183.70196
33019	179.96448
34001	187.78471
34003	153.05925
34005	178.55077
34007	184.53731
34009	186.81303
34011	188.79477
34013	168.50391
34015	201.82157
34017	160.40692
34019	149.66239
34021	163.89086
34023	164.22372
34025	174.87835
34027	156.43217
34029	181.90420
34031	161.65961
34033	214.56185
34035	156.45291
34037	181.85549
34039	157.33125
34041	176.14000
35001	152.72498
35005	174.25504
35006	156.45473
35007	136.91232
35009	130.12088
35011	284.99730
35013	149.13648
35015	173.83034
35017	148.69243
35023	158.11850
35025	162.16434
35027	115.14345
35028	115.05922
35029	179.66339
35031	143.61546
35035	151.41044
35037	222.30887
35039	163.73693
35041	196.17018
35043	139.23700
35045	134.26276
35047	171.68095
35049	125.42235
35051	195.31586
35053	178.15587
35055	139.73044
35057	176.99644
35061	171.81480
36001	176.10615
36003	161.09699
36005	167.02725
36007	171.22439
36009	185.39709
36011	151.37052
36013	180.27856
36015	195.44921
36017	182.93934
36019	179.44479
36021	176.35614
36023	186.78689
36025	158.45566
36027	169.16405
36029	183.57991
36031	175.30791
36033	177.70255
36035	181.41218
36037	190.73316
36039	187.12973
36041	224.77193
36043	138.78700
36045	179.75035
36047	153.89848
36049	195.84848
36051	166.55202
36053	183.30832
36055	172.76950
36057	171.85244
36059	148.69736
36061	153.20240
36063	175.73767
36065	174.14695
36067	182.88375
36069	163.88215
36071	176.73438
36073	184.32591
36075	208.33050
36077	183.00549
36079	158.91830
36081	141.14794
36083	186.98126
36085	169.67770
36087	142.11811
36089	181.68819
36091	177.65239
36093	182.34089
36095	187.84318
36097	201.14323
36099	171.54140
36101	173.65164
36103	170.40172
36105	179.69623
36107	163.00595
36109	149.59820
36111	183.55246
36113	187.15041
36115	199.45523
36117	171.29325
36119	153.62278
36121	188.68639
36123	177.55818
37001	184.44525
37003	163.09284
37005	162.00476
37007	165.38897
37009	179.82496
37011	181.40777
37013	197.93915
37015	172.79115
37017	180.36612
37019	165.49592
37021	173.02422
37023	192.68083
37025	179.77732
37027	203.16403
37029	120.04904
37031	210.41185
37033	167.64064
37035	188.88905
37037	154.38872
37039	181.77295
37041	206.52038
37043	180.72785
37045	186.94794
37047	198.17720
37049	178.87906
37051	192.00730
37053	192.70777
37055	176.20776
37057	178.06193
37059	157.11283
37061	160.08387
37063	178.50058
37065	193.78077
37067	182.36267
37069	178.90610
37071	194.72085
37073	215.43785
37075	159.23475
37077	190.26256
37079	197.95602
37081	169.69898
37083	214.66488
37085	183.19510
37087	160.83359
37089	149.16401
37091	197.88594
37093	195.62713
37095	189.70311
37097	187.76707
37099	188.50915
37101	186.79497
37103	207.95643
37105	178.65872
37107	214.51457
37109	173.04148
37111	182.63558
37113	159.28491
37115	158.59317
37117	166.20311
37119	167.44558
37121	194.09195
37123	159.63082
37125	159.54621
37127	194.82632
37129	173.19531
37131	196.29412
37133	179.86044
37135	159.70179
37137	151.53151
37139	205.69918
37141	178.04717
37143	172.88547
37145	210.19371
37147	174.92382
37149	166.35303
37151	192.39572
37153	221.13217
37155	182.60837
37157	193.56079
37159	185.41364
37161	182.74168
37163	196.23527
37165	219.68212
37167	183.06438
37169	177.93245
37171	197.64907
37173	208.72927
37175	130.72106
37177	287.60369
37179	164.69057
37181	198.14107
37183	154.42039
37185	199.78783
37187	181.20439
37189	148.85612
37191	190.33844
37193	189.78698
37195	218.20322
37197	197.61176
37199	175.20499
38003	173.37803
38005	145.06306
38009	194.73535
38011	211.69053
38015	133.35644
38017	154.92541
38019	139.18050
38021	123.96572
38027	228.56721
38029	192.58259
38031	223.75672
38035	165.00043
38039	243.62918
38041	208.89241
38049	135.84013
38051	156.60634
38053	146.72018
38055	145.56828
38057	157.04037
38059	159.31406
38061	223.54428
38067	173.71084
38071	155.46953
38073	199.46027
38077	156.79361
38079	236.85957
38081	216.77852
38089	128.98452
38093	174.56767
38097	158.07551
38099	111.80599
38101	173.09205
38103	142.90362
38105	171.18493
39001	248.71525
39003	184.11271
39005	191.92011
39007	206.09574
39009	210.99876
39011	203.22026
39013	194.05550
39015	209.50806
39017	189.50302
39019	179.86766
39021	203.43667
39023	209.68181
39025	181.35435
39027	231.79555
39029	168.38333
39031	213.95332
39033	177.08401
39035	190.29489
39037	177.39599
39039	203.23286
39041	170.39513
39043	190.18657
39045	193.76506
39047	207.14405
39049	189.56479
39051	186.33770
39053	184.68054
39055	146.16164
39057	176.18540
39059	202.70519
39061	188.31874
39063	157.14006
39065	187.75028
39067	198.13259
39069	150.43580
39071	182.00537
39073	198.47788
39075	142.05321
39077	201.86867
39079	220.98263
39081	198.43113
39083	187.18847
39085	192.31054
39087	192.09131
39089	198.46655
39091	212.32158
39093	187.84276
39095	204.67768
39097	184.35881
39099	192.15405
39101	213.48689
39103	168.96305
39105	213.23472
39107	179.73198
39109	182.91584
39111	234.10850
39113	192.37903
39115	206.00306
39117	188.96637
39119	218.84634
39121	138.54453
39123	194.52570
39125	220.11317
39127	189.32203
39129	214.51827
39131	238.42471
39133	191.21681
39135	196.15243
39137	175.05434
39139	193.14309
39141	206.72176
39143	196.45736
39145	216.43422
39147	170.58711
39149	149.11579
39151	184.87307
39153	187.60861
39155	188.36275
39157	170.81688
39159	153.33187
39161	164.28908
39163	181.85304
39165	168.31204
39167	187.12129
39169	177.73222
39171	202.59140
39173	181.23064
39175	194.25649
40001	231.18948
40003	146.08508
40005	150.82028
40007	179.52556
40009	195.02806
40011	191.56242
40013	175.26654
40015	197.57741
40017	162.41422
40019	184.65596
40021	219.07508
40023	223.86592
40027	165.52201
40029	287.47473
40031	194.98046
40033	155.53008
40035	206.12025
40037	218.69532
40039	197.83661
40041	180.46592
40043	207.31954
40045	186.12013
40047	188.76373
40049	247.71163
40051	187.67364
40053	155.65885
40055	211.04394
40057	279.07921
40059	200.61411
40061	232.72942
40063	228.49172
40065	200.59482
40067	238.94141
40069	258.54526
40071	204.42127
40073	177.65217
40075	254.15860
40077	187.40963
40079	216.00202
40081	197.54576
40083	172.58128
40085	198.41603
40087	173.79022
40089	218.57210
40091	240.85442
40093	174.12460
40095	173.48070
40097	209.29913
40099	184.54599
40101	213.00629
40103	197.66867
40105	192.69469
40107	230.14786
40109	185.40720
40111	202.34633
40113	178.60511
40115	244.24584
40117	238.78121
40119	175.47933
40121	202.49190
40123	201.09702
40125	185.27400
40127	258.61543
40129	193.34151
40131	175.40328
40133	218.81260
40135	205.58414
40137	197.50189
40139	143.61474
40141	147.43805
40143	180.22431
40145	192.31287
40147	183.50734
40149	228.87491
40151	106.45145
40153	197.60005
41001	171.68501
41003	148.52587
41005	169.10088
41007	198.10600
41009	188.36813
41011	197.93037
41013	149.36800
41015	185.04233
41017	157.40685
41019	186.71371
41023	129.02947
41025	145.63394
41027	161.98399
41029	173.30534
41031	183.99313
41033	191.49067
41035	183.99664
41037	141.51416
41039	170.14915
41041	201.54034
41043	195.04322
41045	175.14485
41047	170.62932
41049	169.36314
41051	181.67803
41053	175.64430
41057	172.11533
41059	183.22962
41061	198.37138
41063	132.67653
41065	175.08009
41067	149.56873
41071	177.28584
42001	168.06064
42003	187.65610
42005	176.74959
42007	180.97478
42009	160.41732
42011	168.67144
42013	201.53916
42015	199.43302
42017	175.86482
42019	172.74424
42021	175.34664
42023	136.67250
42025	197.42886
42027	139.75489
42029	167.34048
42031	185.40115
42033	186.21108
42035	185.26656
42037	186.84411
42039	193.51332
42041	156.59051
42043	174.93423
42045	193.43226
42047	195.26392
42049	182.93481
42051	206.31751
42053	225.66356
42055	176.44770
42057	195.23669
42059	185.20230
42061	179.52479
42063	151.73671
42065	193.10418
42067	178.37986
42069	176.56976
42071	165.48493
42073	196.20919
42075	178.91595
42077	172.42902
42079	181.18893
42081	173.50812
42083	191.62727
42085	203.37338
42087	170.90766
42089	184.93200
42091	168.35986
42093	131.94800
42095	179.92907
42097	174.29105
42099	207.12195
42101	215.32970
42103	161.10092
42105	169.37151
42107	187.14755
42109	159.07177
42111	159.75815
42113	178.28517
42115	157.32974
42117	181.88075
42119	147.40040
42121	206.89699
42123	184.38578
42125	192.31483
42127	173.90428
42129	180.36520
42131	202.44539
42133	176.30368
44001	159.80088
44003	186.23223
44005	163.82432
44007	178.54094
44009	171.39883
45001	186.75146
45003	160.63372
45005	158.75946
45007	181.35253
45009	209.86264
45011	211.91679
45013	147.18259
45015	176.91064
45017	140.98525
45019	186.25720
45021	180.32995
45023	195.40444
45025	212.06335
45027	188.33858
45029	235.52905
45031	213.59904
45033	170.93469
45035	169.42645
45037	163.07833
45039	214.47461
45041	196.85267
45043	182.28059
45045	175.89819
45047	197.03484
45049	215.26944
45051	188.78785
45053	189.25457
45055	232.91405
45057	168.17852
45059	204.95174
45061	285.39365
45063	176.77480
45065	161.50038
45067	195.87817
45069	232.90751
45071	179.05749
45073	181.05697
45075	206.73074
45077	159.26416
45079	175.06996
45081	166.00896
45083	186.81897
45085	184.66559
45087	208.86636
45089	235.06813
45091	186.37599
46005	151.54278
46009	140.67079
46011	156.46284
46013	152.47767
46015	181.78202
46019	186.06946
46023	247.03645
46027	171.78611
46029	176.18894
46033	193.47598
46035	144.90528
46037	172.25789
46045	149.63954
46047	184.90828
46051	162.75041
46053	205.81357
46057	133.62938
46065	173.08358
46067	157.21132
46077	183.04243
46079	180.27146
46081	147.97451
46083	121.60581
46087	201.82239
46091	194.75252
46093	136.40886
46097	235.84674
46099	184.54142
46101	191.10132
46103	164.66955
46105	234.10154
46109	157.01913
46113	153.76477
46115	152.42721
46121	294.49708
46123	167.05280
46125	154.02798
46127	212.20036
46129	105.85533
46135	152.18959
47001	202.86178
47003	176.27614
47005	251.73461
47007	162.89926
47009	179.52461
47011	189.29715
47013	215.55549
47015	204.86389
47017	201.14600
47019	203.54327
47021	226.31791
47023	177.92816
47025	200.24955
47027	205.80467
47029	209.87676
47031	197.28548
47033	178.48117
47035	184.19245
47037	197.55509
47039	226.36088
47041	221.89515
47043	201.94714
47045	187.62602
47047	207.87393
47049	248.97562
47051	176.75551
47053	234.41544
47055	195.99116
47057	202.81531
47059	195.52724
47061	237.45183
47063	201.05541
47065	172.30181
47067	232.67476
47069	257.55618
47071	190.11078
47073	231.00056
47075	178.64782
47077	201.30493
47079	242.95842
47081	225.22991
47083	203.94029
47085	224.92139
47087	199.83279
47089	190.98137
47091	212.54479
47093	186.38050
47095	277.12363
47097	240.47136
47099	199.47059
47101	231.68836
47103	214.84148
47105	171.56839
47107	198.85487
47109	224.09183
47111	224.38580
47113	195.07700
47115	219.02498
47117	212.17750
47119	203.78518
47121	234.73946
47123	235.35813
47125	204.86765
47127	146.21528
47129	208.69971
47131	213.76326
47133	236.43132
47135	173.80052
47137	159.62606
47139	265.40653
47141	178.82161
47143	213.35531
47145	219.69527
47147	185.74026
47149	183.32816
47151	271.61189
47153	216.69566
47155	186.97516
47157	207.15282
47159	249.72881
47161	203.97441
47163	197.29962
47165	168.51905
47167	223.91968
47169	177.45873
47171	196.05792
47173	208.50042
47175	196.33225
47177	221.17231
47179	178.90449
47181	212.61796
47183	212.77485
47185	177.73744
47187	145.85129
47189	185.84094
48001	235.94717
48003	201.54257
48005	176.28584
48007	178.45656
48009	135.46679
48013	177.39477
48015	167.03272
48019	158.72176
48021	176.48961
48023	262.96620
48025	164.31430
48027	181.00523
48029	158.83145
48031	145.18629
48035	206.45246
48037	176.23554
48039	162.84272
48041	155.01493
48043	174.20448
48047	167.06816
48049	189.99131
48051	191.52512
48053	163.67735
48055	154.69077
48057	169.84105
48059	244.64708
48061	133.92663
48063	134.28685
48065	154.19609
48067	180.93379
48069	146.59699
48071	164.82103
48073	196.68674
48075	216.63505
48077	175.78397
48083	168.68618
48085	145.79296
48089	195.68774
48091	159.97931
48093	221.42613
48097	173.28704
48099	200.52490
48107	199.62471
48113	171.33601
48115	183.76610
48117	203.54054
48119	173.29972
48121	148.35281
48123	177.41504
48127	150.03512
48129	245.17428
48131	185.00867
48133	209.30193
48135	187.32514
48139	168.93913
48141	146.56992
48143	164.63083
48145	135.60678
48147	187.06558
48149	157.23823
48153	200.82930
48157	138.16923
48159	151.36696
48161	181.02893
48163	140.39321
48165	203.30194
48167	192.94352
48171	163.97561
48175	177.60883
48177	176.94020
48179	170.90880
48181	184.24036
48183	197.19158
48185	212.13153
48187	165.17292
48189	182.23658
48191	216.48205
48193	165.38895
48197	178.08241
48199	189.64921
48201	161.91940
48203	191.62840
48207	209.88461
48209	148.42188
48211	251.30295
48213	186.27355
48215	119.38999
48217	177.48232
48219	204.07655
48221	157.79806
48223	181.39251
48225	196.65918
48227	149.84830
48231	203.76530
48233	150.37810
48237	203.72012
48239	190.87288
48241	206.73257
48245	193.02126
48247	208.35729
48249	164.76946
48251	183.30403
48253	213.32524
48255	184.00938
48257	186.70717
48259	127.96757
48265	167.96032
48267	254.96602
48271	250.13348
48273	159.55648
48277	185.22352
48279	170.57106
48281	210.10039
48283	171.50432
48285	155.80415
48287	152.96757
48289	176.04278
48291	209.38337
48293	201.12234
48297	148.30009
48299	170.01313
48303	171.51453
48307	182.89974
48309	188.98706
48313	145.52697
48315	174.53588
48319	199.47492
48321	173.50569
48323	139.25555
48325	154.35664
48329	146.98263
48331	224.79814
48333	166.31277
48335	249.35741
48337	206.59799
48339	173.11957
48341	210.63891
48343	196.60442
48347	191.71277
48349	223.69534
48351	204.05929
48353	192.90602
48355	169.78472
48357	198.62329
48361	212.95486
48363	190.31813
48365	185.06604
48367	180.55014
48369	147.34504
48371	139.17639
48373	217.93861
48375	183.57551
48379	181.33135
48381	164.04222
48385	181.80507
48387	186.72911
48389	163.96607
48391	245.57304
48395	165.20053
48397	151.38326
48399	174.49490
48401	184.18970
48403	185.65370
48405	191.80915
48407	179.47700
48409	210.38275
48411	170.81382
48415	198.82701
48419	212.28086
48423	166.46320
48425	180.32902
48427	157.53860
48429	230.89384
48437	129.79895
48439	170.26716
48441	186.49331
48445	179.36033
48449	153.19164
48451	159.63030
48453	144.14424
48455	181.65563
48457	190.06450
48459	180.34844
48463	150.10033
48465	153.69032
48467	199.11407
48469	155.42078
48471	173.65640
48473	167.78235
48475	175.01651
48477	144.02647
48479	134.23531
48481	182.16469
48483	197.27988
48485	192.61198
48487	166.39387
48489	179.26104
48491	138.60904
48493	160.98141
48495	206.88365
48497	178.30221
48499	176.33626
48501	137.03970
48503	179.28592
48505	159.55761
48507	118.76467
49001	176.48133
49003	149.26366
49005	102.44695
49007	150.67876
49011	112.55328
49013	188.97014
49015	129.16461
49019	184.27838
49021	122.44408
49023	171.97388
49025	167.52631
49027	129.84777
49029	133.61833
49035	131.11877
49037	98.07856
49039	165.07899
49041	167.83743
49043	128.03754
49045	156.25449
49047	142.73810
49049	120.66037
49051	129.40451
49053	127.80299
49057	136.32436
50001	176.05654
50003	191.33999
50005	189.62206
50007	160.62450
50009	195.16083
50011	201.88632
50013	177.45512
50015	183.32926
50017	182.47075
50019	175.09362
50021	178.73729
50023	177.76203
50025	185.90235
50027	161.52924
51001	206.85378
51003	148.61482
51005	223.98114
51007	195.20984
51009	200.88333
51011	223.87405
51013	140.39180
51015	163.62285
51017	193.39127
51019	171.52532
51021	201.11394
51023	147.80999
51025	183.83195
51027	198.36303
51029	194.13300
51031	180.78874
51033	211.00229
51035	177.00593
51036	247.77207
51037	179.68849
51041	165.14001
51043	183.03698
51045	171.53204
51047	177.13729
51049	187.19729
51051	194.72326
51053	197.09890
51057	156.65313
51059	132.31076
51061	189.44810
51063	132.71160
51065	175.67794
51067	182.00453
51069	181.46250
51071	190.53021
51073	223.84015
51075	126.09160
51077	191.63149
51079	153.77868
51081	192.13109
51083	183.24224
51085	164.28095
51087	168.44552
51089	198.97074
51093	211.76953
51095	160.46345
51097	226.61398
51099	185.37677
51101	202.84217
51103	188.83148
51105	251.50844
51107	147.41153
51109	202.96121
51111	154.87709
51113	144.89662
51115	196.41000
51117	192.16231
51119	188.87212
51121	159.40387
51125	184.97713
51127	200.61829
51131	246.54848
51133	197.79362
51135	199.60041
51137	197.00057
51139	199.23010
51141	173.11193
51143	180.41057
51145	181.07863
51147	182.23707
51149	159.55243
51153	161.19402
51155	179.98191
51157	164.92439
51159	183.95538
51161	155.18600
51163	157.84703
51165	151.52283
51167	213.66374
51169	194.62518
51171	178.51185
51173	223.25010
51175	185.23951
51177	192.47539
51179	184.75229
51181	200.62044
51183	190.62961
51185	202.43851
51187	214.48722
51191	185.28275
51193	168.56927
51195	204.79034
51197	185.48637
51199	163.10030
51510	142.36969
51515	200.21998
51520	205.68282
51530	284.52204
51540	191.91685
51550	183.05663
51570	176.70602
51580	166.24618
51590	202.85751
51595	166.86829
51600	189.76585
51610	140.16670
51620	198.99320
51630	230.57592
51640	137.11755
51650	194.43514
51660	168.14249
51670	252.65869
51678	136.88742
51680	193.22216
51683	167.10308
51685	126.00339
51690	186.20246
51700	197.92161
51710	200.63634
51730	213.60352
51735	155.89826
51740	230.32060
51750	204.11247
51760	215.29283
51770	210.19665
51775	206.48575
51790	157.91407
51800	207.21648
51810	170.57958
51820	210.20690
51830	165.64584
51840	231.54800
53001	162.63472
53003	190.45094
53005	173.08095
53007	159.96568
53009	193.69416
53011	186.32508
53013	245.80976
53015	183.89134
53017	174.29274
53019	122.19587
53021	167.28593
53025	174.66151
53027	218.27294
53029	155.03729
53031	166.77743
53033	158.69462
53035	168.48592
53037	186.99895
53039	175.64882
53041	209.19473
53043	157.06340
53045	162.93275
53047	173.23960
53049	232.51033
53051	193.77213
53053	187.26773
53055	121.15472
53057	186.57845
53059	217.36613
53061	174.97634
53063	172.57628
53065	177.23106
53067	172.05559
53071	187.84762
53073	161.49840
53075	152.63299
53077	174.55911
54001	196.11608
54003	207.65352
54005	261.06330
54007	217.35603
54009	183.29052
54011	190.30473
54013	206.93543
54015	213.19574
54017	185.29787
54019	232.51388
54021	204.47534
54023	92.06655
54025	184.59675
54027	227.14830
54029	174.33503
54031	135.01083
54033	213.73670
54035	220.98695
54037	211.83669
54039	214.44997
54041	209.74174
54043	265.34093
54045	237.29431
54047	226.12334
54049	199.27323
54051	183.14828
54053	226.59941
54055	223.67263
54057	222.88383
54059	250.86532
54061	146.23952
54063	193.08417
54065	224.79799
54067	204.96266
54069	187.27202
54071	119.97487
54073	166.61911
54075	175.34382
54077	154.35856
54079	170.68781
54081	201.82458
54083	167.24484
54085	233.81196
54087	201.46162
54089	223.59711
54091	182.68784
54093	195.45700
54095	215.08320
54097	194.27102
54099	195.13845
54101	222.89382
54103	208.31922
54105	219.70816
54107	185.23317
54109	230.85950
55001	225.91851
55003	217.49573
55005	170.26294
55007	204.10189
55009	151.83536
55011	182.81424
55013	179.78273
55015	148.20609
55017	177.77084
55019	160.11464
55021	189.21758
55023	153.10220
55025	156.66262
55027	194.85129
55029	144.58939
55031	196.19680
55033	160.71368
55035	150.41623
55037	182.51425
55039	166.56852
55041	174.08268
55043	164.76676
55045	171.16473
55047	184.35951
55049	158.03754
55051	181.19406
55053	154.24679
55055	171.01452
55057	173.66065
55059	184.54901
55061	116.72917
55063	157.77100
55065	179.23979
55067	160.01967
55069	167.03677
55071	169.54892
55073	159.71576
55075	180.59492
55077	229.13580
55078	264.94248
55079	189.87470
55081	154.00729
55083	180.45637
55085	185.95696
55087	147.83245
55089	153.92350
55091	129.79576
55093	154.86668
55095	177.85108
55097	164.07316
55099	171.14667
55101	181.96266
55103	169.10606
55105	193.03316
55107	175.94255
55109	160.42963
55111	175.69994
55113	238.38822
55115	164.12926
55117	162.45056
55119	157.55014
55121	165.63252
55123	170.97317
55125	178.21650
55127	190.61146
55129	207.74744
55131	168.85813
55133	159.98195
55135	210.18650
55137	177.09762
55139	174.02384
55141	167.93462
56001	120.20398
56003	139.86552
56005	267.96364
56007	163.42171
56009	210.83381
56011	179.04201
56013	173.65230
56015	175.55871
56017	164.30856
56019	155.13214
56021	169.14797
56023	162.27096
56025	181.18907
56029	162.38575
56031	123.61560
56033	183.90908
56035	127.94398
56037	136.55579
56039	159.10039
56041	145.23374
56043	190.19231
56045	172.42143
