01001	871.73349
01003	808.49798
01005	966.15656
01007	979.16840
01009	897.49002
01011	978.68130
01013	950.33653
01015	1059.04758
01017	1018.76156
01019	978.69726
01021	999.28751
01023	952.18139
01025	1000.18246
01027	1052.54344
01029	1078.41414
01031	924.85714
01033	962.96328
01035	1033.39055
01037	1012.60956
01039	944.87528
01041	988.93809
01043	990.97473
01045	929.34190
01047	1107.57557
01049	1007.76592
01051	953.94442
01053	996.61116
01055	1131.45088
01057	1134.28498
01059	1103.30399
01061	995.71745
01063	791.22597
01065	989.85144
01067	905.29490
01069	879.73245
01071	1021.25708
01073	941.62056
01075	1044.92340
01077	916.18349
01079	1048.74567
01081	797.61066
01083	827.32859
01085	1156.23709
01087	1082.20363
01089	803.19172
01091	922.94208
01093	1034.20921
01095	1027.64517
01097	963.83670
01099	968.64857
01101	887.52099
01103	940.46176
01105	1128.20744
01107	1029.52491
01109	986.28739
01111	1003.13913
01113	1049.58012
01115	939.46568
01117	719.81575
01119	920.61175
01121	1032.82916
01123	975.52920
01125	929.48188
01127	1163.17692
01129	1121.97906
01131	991.30960
01133	1072.46170
02016	706.04777
02020	729.19097
02050	1085.52930
02070	1068.62487
02090	732.16275
02100	619.77515
02110	657.79527
02122	793.94236
02130	780.45473
02150	707.04712
02164	1114.28839
02170	756.80549
02180	1399.30642
02185	1416.72324
02188	1063.25206
02201	813.65454
02220	670.96376
02232	722.09313
02240	903.26904
02261	805.47146
02270	1431.83078
02280	924.87011
02290	977.31627
04001	947.20446
04003	753.18000
04005	713.04063
04007	830.65370
04009	866.49390
04011	656.10164
04012	743.41515
04013	671.75266
04015	897.58687
04017	819.18544
04019	707.67394
04021	625.31934
04023	589.31892
04025	706.53230
04027	633.32083
05001	1021.28265
05003	972.09260
05005	865.61069
05007	695.51283
05009	839.28098
05011	984.97035
05013	890.21001
05015	764.82557
05017	980.09317
05019	947.84776
05021	980.93798
05023	850.57221
05025	903.54682
05027	985.82533
05029	867.01657
05031	908.77580
05033	925.53632
05035	1066.63713
05037	935.42890
05039	950.18397
05041	1063.45040
05043	858.65879
05045	861.53063
05047	880.91892
05049	1001.09506
05051	900.95052
05053	897.20258
05055	988.23570
05057	947.88079
05059	912.22394
05061	1026.70124
05063	915.54858
05065	828.07024
05067	1059.92012
05069	961.97355
05071	882.94345
05073	1076.05060
05075	1067.97926
05077	951.31245
05079	989.78803
05081	1115.57296
05083	1019.14697
05085	943.64139
05087	835.41042
05089	926.63930
05091	918.41429
05093	1168.03061
05095	991.27153
05097	873.47375
05099	958.05588
05101	923.05506
05103	1068.49190
05105	953.11853
05107	1116.79096
05109	920.27304
05111	1177.36794
05113	969.41265
05115	857.77815
05117	959.81651
05119	865.83700
05121	990.64372
05123	1024.87733
05125	783.41257
05127	909.31330
05129	768.72858
05131	867.49671
05133	925.98174
05135	940.96582
05137	854.87486
05139	1070.43753
05141	829.77509
05143	783.83448
05145	919.30575
05147	1047.09614
05149	910.41662
06001	612.74429
06005	741.13520
06007	794.81400
06009	723.25186
06011	656.44075
06013	629.59224
06015	876.93349
06017	647.04707
06019	748.38959
06021	734.41737
06023	818.72594
06025	615.61749
06027	748.72777
06029	829.42767
06031	738.63014
06033	909.90609
06035	772.97389
06037	629.95503
06039	715.09357
06041	510.65148
06043	616.90680
06045	746.45532
06047	736.19429
06049	820.10784
06051	413.42774
06053	587.22778
06055	675.99155
06057	586.58236
06059	584.66617
06061	622.90544
06063	809.85451
06065	678.47689
06067	728.43983
06069	579.12396
06071	778.87472
06073	632.16160
06075	582.46529
06077	757.64942
06079	642.71532
06081	550.62110
06083	604.75096
06085	540.39839
06087	628.84685
06089	867.22405
06091	873.10659
06093	866.75998
06095	728.34466
06097	664.85229
06099	771.62849
06101	766.04579
06103	775.10656
06105	840.28858
06107	774.11922
06109	704.29146
06111	611.05357
06113	667.48311
06115	864.42370
08001	750.30581
08003	842.91111
08005	657.48177
08007	535.81846
08009	868.42265
08011	813.74642
08013	608.75333
08014	632.40863
08015	616.04931
08017	777.22604
08019	631.47734
08021	861.99079
08023	651.90890
08025	653.61926
08027	742.91775
08029	741.31166
08031	785.18965
08033	659.81796
08035	550.10218
08037	409.47559
08039	651.70794
08041	693.49283
08043	828.40751
08045	685.21253
08047	713.21323
08049	494.37544
08051	584.09297
08055	897.16823
08057	545.90461
08059	673.55629
08061	823.15693
08063	749.66861
08065	794.20955
08067	587.56754
08069	619.88319
08071	865.17298
08073	635.33609
08075	664.13636
08077	736.78023
08081	723.83764
08083	834.59320
08085	707.11179
08087	748.43315
08089	825.62213
08091	485.28753
08093	563.36981
08095	682.20562
08097	341.66960
08099	968.30509
08101	820.97927
08103	569.44115
08105	791.90313
08107	534.53743
08109	811.86817
08113	543.18478
08115	805.57518
08117	397.76354
08119	766.13335
08121	608.48085
08123	674.75671
08125	688.88787
09001	588.04623
09003	677.23869
09005	666.68268
09007	634.65044
09009	686.31881
09011	692.73939
09013	641.71807
09015	751.52594
10001	833.02402
10003	752.04406
10005	772.38207
11001	812.82336
12001	770.57725
12003	956.42871
12005	854.29339
12007	905.47518
12009	738.15059
12011	681.84277
12013	904.82647
12015	665.97089
12017	820.24819
12019	801.34770
12021	521.17994
12023	924.30018
12027	689.23085
12029	880.12161
12031	874.62244
12033	904.46327
12035	665.89020
12037	809.71373
12039	896.32613
12041	791.16463
12043	697.76039
12045	821.50973
12047	793.66922
12049	738.34780
12051	845.78420
12053	821.05535
12055	707.74431
12057	768.67843
12059	1022.33439
12061	641.59624
12063	901.66980
12065	795.25623
12067	823.21484
12069	714.48129
12071	616.15785
12073	732.04890
12075	946.86706
12077	1052.51123
12079	873.98251
12081	638.41648
12083	769.23551
12085	591.83097
12086	647.05932
12087	725.57923
12089	817.50054
12091	790.47106
12093	868.97577
12095	707.84519
12097	707.35056
12099	592.37178
12101	783.30150
12103	759.08247
12105	752.85639
12107	947.81066
12109	630.93606
12111	703.57266
12113	830.45219
12115	610.02878
12117	678.19512
12119	627.51723
12121	856.88001
12123	859.71489
12125	1352.23292
12127	790.48589
12129	826.79395
12131	796.94737
12133	1051.26678
13001	1038.96961
13003	1171.09505
13005	1155.38409
13007	718.61141
13009	928.91126
13011	795.03302
13013	925.88001
13015	921.88765
13017	1051.65907
13019	1019.15927
13021	1038.17645
13023	934.75914
13025	1024.91913
13027	890.73845
13029	963.76344
13031	881.18481
13033	971.79328
13035	1047.03272
13037	781.04474
13039	845.82213
13043	1112.42667
13045	973.53420
13047	770.38928
13049	808.60757
13051	846.64564
13053	962.36847
13055	985.06523
13057	764.81577
13059	769.42083
13061	1298.51204
13063	884.96107
13065	1113.94855
13067	721.25984
13069	914.72871
13071	884.97894
13073	708.71393
13075	1070.40154
13077	809.35946
13079	800.93738
13081	919.29359
13083	1017.17643
13085	817.99894
13087	1039.10639
13089	732.62845
13091	972.82856
13093	739.44678
13095	854.60083
13097	896.29158
13099	1007.54929
13101	829.73393
13103	886.75744
13105	930.83883
13107	1132.11570
13109	998.57770
13111	844.75967
13113	671.60255
13115	924.38891
13117	666.47999
13119	1004.04090
13121	824.58808
13123	755.56694
13125	1027.56103
13127	850.48349
13129	986.87609
13131	782.47299
13133	872.23519
13135	684.16173
13137	836.63143
13139	755.33044
13141	766.52984
13143	1131.45414
13145	784.55915
13147	855.66190
13149	862.90679
13151	875.34189
13153	845.42824
13155	966.66053
13157	918.90189
13159	829.23952
13161	1001.30209
13163	1060.31859
13165	1008.41647
13167	915.08330
13169	767.00666
13171	1023.24100
13173	1186.60503
13175	937.61368
13177	857.62072
13179	847.29261
13181	945.45804
13183	760.20918
13185	952.21298
13187	832.87637
13189	1170.75028
13191	654.80197
13193	1000.30071
13195	998.69404
13197	925.72667
13199	948.72806
13201	1024.78864
13205	910.04253
13207	833.36661
13209	1004.25188
13211	804.41455
13213	1005.92503
13215	963.10001
13217	889.11509
13219	675.53207
13221	739.02950
13223	808.23385
13225	1018.86083
13227	875.60862
13229	1017.97033
13231	955.55091
13233	1068.28994
13235	890.35861
13237	855.57579
13239	701.38308
13241	872.85302
13243	837.13010
13245	1007.50319
13247	774.86460
13249	752.85851
13251	968.50323
13253	962.36347
13255	1015.07260
13257	1043.15137
13259	1119.10310
13261	984.33116
13263	1021.18128
13265	1249.72625
13267	1068.93002
13269	941.55068
13271	819.18053
13273	873.28054
13275	966.47946
13277	947.71835
13279	986.38751
13281	821.65927
13283	1092.02919
13285	949.00082
13287	999.22446
13289	1048.26423
13291	704.58413
13293	1091.77058
13295	948.75066
13297	940.75252
13299	956.25504
13301	1102.88801
13303	902.11674
13305	1006.33030
13307	499.51075
13309	799.87439
13311	807.85651
13313	842.37997
13315	1114.74712
13317	1028.12649
13319	984.94574
13321	800.06059
15001	636.46890
15003	598.29050
15007	645.95309
15009	598.57112
16001	659.13959
16003	571.21686
16005	801.63459
16007	907.03323
16009	948.52425
16011	777.00630
16013	534.25019
16015	773.24433
16017	721.69161
16019	751.29519
16021	757.79935
16023	662.44721
16027	730.58871
16029	874.06888
16031	770.88095
16035	740.16737
16037	673.54824
16039	813.01526
16041	665.29906
16043	766.08979
16045	825.22618
16047	764.61049
16049	690.71661
16051	625.97869
16053	798.37428
16055	741.25131
16057	641.34797
16059	700.70765
16061	674.51462
16063	766.88739
16065	666.50017
16067	759.86789
16069	834.53911
16071	720.32213
16073	735.41586
16075	776.29943
16077	793.59287
16079	940.27530
16081	577.62552
16083	832.42735
16085	653.05057
16087	675.92950
17001	767.10586
17003	969.15567
17005	778.85261
17007	660.33419
17009	899.08716
17011	717.14759
17013	697.78724
17015	777.03208
17017	824.51192
17019	670.57502
17021	809.53002
17023	901.18024
17025	914.11918
17027	713.12640
17029	804.90380
17031	742.36167
17033	881.44318
17035	769.67344
17037	748.72491
17039	884.59757
17041	689.54777
17043	615.80402
17045	869.94638
17047	897.42267
17049	748.27041
17051	739.62791
17053	873.18698
17055	972.61874
17057	842.09898
17059	1107.17698
17061	860.81603
17063	799.18605
17065	873.89858
17067	653.32977
17069	1015.20540
17071	675.35438
17073	789.90255
17075	832.41221
17077	770.40136
17079	692.56992
17081	887.32770
17083	742.84987
17085	635.08088
17087	829.59737
17089	662.10634
17091	813.19709
17093	660.25458
17095	840.71990
17097	644.62959
17099	809.76041
17101	999.80368
17103	770.53011
17105	775.18193
17107	808.64771
17109	746.68643
17111	705.21935
17113	714.79688
17115	777.32475
17117	806.71849
17119	840.38030
17121	892.33128
17123	850.50073
17125	882.13634
17127	926.52385
17129	821.71341
17131	695.70201
17133	675.72241
17135	850.52637
17137	723.16274
17139	803.92687
17141	722.81222
17143	797.30820
17145	850.40423
17147	708.28021
17149	755.12812
17151	713.63267
17153	902.64518
17155	679.21452
17157	826.15329
17159	764.60631
17161	739.23020
17163	854.75159
17165	1031.63242
17167	811.13595
17169	712.69908
17171	747.08483
17173	723.56613
17175	850.85028
17177	740.40489
17179	786.59270
17181	865.83485
17183	882.50758
17185	841.48111
17187	749.90705
17189	681.98051
17191	821.61941
17193	949.64710
17195	746.72606
17197	715.05748
17199	890.54052
17201	781.00227
17203	712.91196
18001	674.67703
18003	762.24994
18005	812.99711
18007	887.94953
18009	913.19746
18011	790.87664
18013	731.65221
18015	714.11184
18017	813.94938
18019	894.26995
18021	877.43326
18023	800.01770
18025	986.96899
18027	858.13858
18029	792.90702
18031	760.74837
18033	828.80132
18035	854.37048
18037	742.69333
18039	736.67247
18041	998.87630
18043	852.83296
18045	869.98238
18047	720.27423
18049	854.09567
18051	835.99642
18053	935.19484
18055	918.50935
18057	646.37658
18059	823.04837
18061	797.80998
18063	701.71936
18065	878.57088
18067	847.82192
18069	851.43970
18071	888.32679
18073	868.23279
18075	825.65491
18077	928.11152
18079	1014.60327
18081	803.44556
18083	888.70016
18085	798.77705
18087	713.56266
18089	854.31149
18091	872.99810
18093	911.13351
18095	903.05881
18097	870.54892
18099	770.78176
18101	838.80836
18103	834.28161
18105	676.21287
18107	776.84767
18109	870.50823
18111	847.94979
18113	822.97837
18115	896.14874
18117	869.13573
18119	961.39706
18121	801.20739
18123	751.82421
18125	836.34547
18127	796.23935
18129	802.21291
18131	862.95087
18133	798.52694
18135	781.68927
18137	798.19988
18139	862.25769
18141	785.99873
18143	1113.25614
18145	876.61382
18147	784.01608
18149	994.84183
18151	726.09327
18153	918.50363
18155	933.58600
18157	746.42888
18159	754.53223
18161	886.18444
18163	830.74363
18165	991.46103
18167	916.99626
18169	833.59973
18171	717.26954
18173	783.58056
18175	955.03109
18177	899.49524
18179	705.76094
18181	780.31435
18183	745.67135
19001	724.01923
19003	791.95342
19005	756.85034
19007	846.95609
19009	714.33463
19011	675.17888
19013	742.84735
19015	839.00061
19017	605.53356
19019	715.80228
19021	668.53037
19023	699.87978
19025	778.72241
19027	730.75568
19029	869.80328
19031	633.41950
19033	702.33859
19035	678.38131
19037	636.80693
19039	745.17961
19041	671.03948
19043	670.47304
19045	792.78335
19047	676.36010
19049	619.04882
19051	642.76400
19053	826.86149
19055	680.27575
19057	777.19952
19059	561.89183
19061	708.81661
19063	718.50753
19065	708.51573
19067	752.54804
19069	693.88509
19071	785.77471
19073	749.14984
19075	683.91172
19077	704.14067
19079	646.06123
19081	678.18030
19083	745.35302
19085	874.06646
19087	732.98906
19089	726.55498
19091	698.69660
19093	797.49340
19095	669.36709
19097	711.14350
19099	721.97708
19101	727.86025
19103	613.38809
19105	670.32369
19107	616.98704
19109	580.19936
19111	823.24455
19113	686.65009
19115	807.07423
19117	740.11987
19119	688.55879
19121	781.86948
19123	684.85587
19125	726.83647
19127	828.17547
19129	894.60900
19131	592.07983
19133	863.45587
19135	807.39343
19137	827.07375
19139	712.07972
19141	747.00208
19143	743.25960
19145	809.65940
19147	644.89306
19149	625.79628
19151	719.36126
19153	745.34885
19155	811.69268
19157	708.77866
19159	678.23439
19161	620.46342
19163	748.96120
19165	578.12839
19167	592.83728
19169	607.79223
19171	750.22157
19173	731.84492
19175	757.39185
19177	825.82242
19179	832.09139
19181	735.11812
19183	694.38016
19185	811.17209
19187	834.91981
19189	673.21412
19191	550.72733
19193	823.81278
19195	708.76090
19197	737.89985
20001	908.15299
20003	773.77420
20005	876.01106
20007	730.70930
20009	786.46260
20011	813.18022
20013	845.10380
20015	837.69298
20017	714.64773
20019	805.78838
20021	1031.35918
20023	729.24732
20025	712.19942
20027	764.38115
20029	851.79201
20031	845.52653
20033	952.28185
20035	906.13319
20037	874.39848
20039	763.88980
20041	745.54397
20043	737.00840
20045	689.21568
20047	897.98191
20049	862.89092
20051	703.16717
20053	844.32257
20055	696.89802
20057	796.44027
20059	842.00280
20061	879.45923
20063	727.59564
20065	775.79453
20067	757.85104
20069	798.66008
20071	684.59557
20073	800.13236
20075	939.58338
20077	971.05394
20079	714.10497
20081	684.76184
20083	692.92746
20085	780.04068
20087	707.25559
20089	686.96999
20091	623.62721
20093	843.43837
20095	708.46535
20097	656.77003
20099	867.25446
20101	685.70748
20103	765.98212
20105	766.69842
20107	801.40780
20109	664.40817
20111	742.64302
20113	738.63480
20115	662.29932
20117	732.20007
20119	744.52447
20121	779.10359
20123	865.98604
20125	885.36714
20127	691.61148
20129	789.90774
20131	641.28766
20133	837.92981
20135	707.66688
20137	724.96880
20139	858.61185
20141	561.65577
20143	854.09241
20145	754.19941
20147	790.65757
20149	705.94572
20151	717.14759
20153	627.65587
20155	765.80989
20157	754.23575
20159	829.41986
20161	657.25968
20163	758.30672
20165	619.24538
20167	776.88352
20169	737.62340
20171	823.88221
20173	797.74762
20175	797.08330
20177	785.87202
20179	694.99842
20181	837.22159
20183	711.94663
20185	786.41975
20187	633.17296
20189	722.38862
20191	865.83047
20193	771.55733
20195	833.28004
20197	757.56386
20199	664.66684
20201	732.64138
20203	832.93389
20205	931.98531
20207	1017.57114
20209	907.37371
21001	914.03172
21003	940.54250
21005	900.12544
21007	1040.80797
21009	894.17244
21011	1170.33049
21013	1124.47005
21015	790.33558
21017	913.74101
21019	933.96877
21021	850.42768
21023	992.91414
21025	1283.36547
21027	867.55421
21029	777.66447
21031	880.83783
21033	995.60699
21035	914.25835
21037	859.13648
21039	930.15185
21041	1029.96917
21043	1039.85870
21045	1053.26470
21047	922.61771
21049	908.93053
21051	1232.82820
21053	960.22992
21055	839.57092
21057	1148.41536
21059	855.22177
21061	886.69872
21063	750.02069
21065	1064.09014
21067	750.89149
21069	1041.74438
21071	1212.14951
21073	883.51660
21075	1107.60101
21077	1097.42162
21079	789.19158
21081	976.99692
21083	929.93782
21085	992.81195
21087	857.63450
21089	928.53517
21091	814.54286
21093	872.90142
21095	1197.56101
21097	994.20946
21099	908.53770
21101	953.26648
21103	932.91779
21105	1009.12689
21107	962.74727
21109	1171.97298
21111	841.50935
21113	784.83708
21115	1075.48388
21117	885.88820
21119	1075.30500
21121	1152.74988
21123	886.83487
21125	982.31427
21127	1150.82180
21129	1344.11547
21131	1310.02671
21133	1067.83033
21135	999.55710
21137	990.30692
21139	1001.65998
21141	949.99368
21143	931.90216
21145	912.17776
21147	982.77378
21149	918.39312
21151	860.14850
21153	1081.43648
21155	889.19454
21157	932.80815
21159	1101.75518
21161	967.14279
21163	847.29211
21165	1149.07815
21167	947.98180
21169	1075.94338
21171	1227.26994
21173	896.99333
21175	1032.65425
21177	1029.34405
21179	878.96461
21181	1197.57473
21183	859.88153
21185	736.19879
21187	845.52512
21189	1150.44289
21191	935.69394
21193	1390.29016
21195	1151.95230
21197	1268.35731
21199	979.66738
21201	1310.39726
21203	1149.92351
21205	937.90193
21207	997.36181
21209	848.65624
21211	800.91978
21213	915.51455
21215	903.43059
21217	986.01351
21219	983.57861
21221	906.67367
21223	946.49015
21225	1046.09966
21227	808.10754
21229	853.66719
21231	801.30986
21233	1031.11291
21235	1133.77588
21237	1322.56959
21239	813.45550
22001	1008.22678
22003	890.74348
22005	824.53296
22007	818.09105
22009	999.13142
22011	965.60848
22013	1013.22535
22015	844.10901
22017	938.31302
22019	974.89430
22021	1070.60234
22023	783.25736
22025	1116.33128
22027	885.64560
22029	1029.33123
22031	937.63109
22033	864.11396
22035	1092.67312
22037	1001.13774
22039	1093.49602
22041	1053.95607
22043	883.44377
22045	990.09453
22047	855.47694
22049	960.17711
22051	826.77263
22053	1059.34736
22055	838.26388
22057	834.10698
22059	1008.89934
22061	892.97149
22063	897.69543
22065	1228.79659
22067	1119.66755
22069	918.06773
22071	863.84242
22073	950.18541
22075	809.31681
22077	840.98037
22079	924.98730
22081	981.81640
22083	1091.72241
22085	881.14375
22087	973.31162
22089	868.42086
22091	1033.30127
22093	902.78923
22095	995.76510
22097	1064.04417
22099	875.73257
22101	948.39920
22103	807.62323
22105	1006.40956
22107	950.06781
22109	950.32875
22111	923.81295
22113	879.97937
22115	891.88225
22117	1065.36541
22119	1018.73094
22121	779.38228
22123	1070.79085
22125	757.73714
22127	1014.08213
23001	808.59345
23003	775.31091
23005	690.73106
23007	757.70074
23009	716.23662
23011	832.19565
23013	700.07558
23015	714.23111
23017	767.92392
23019	780.64984
23021	868.08125
23023	739.44913
23025	833.66968
23027	772.13231
23029	864.70076
23031	698.90602
24001	858.94882
24003	739.49474
24005	757.15891
24009	729.10149
24011	898.07182
24013	761.63292
24015	878.86966
24017	775.10917
24019	824.73889
24021	654.24467
24023	791.99735
24025	743.04489
24027	587.73822
24029	805.73805
24031	503.15481
24033	794.25521
24035	654.94308
24037	764.08634
24039	941.05342
24041	667.81526
24043	790.17282
24045	854.30370
24047	741.09941
24510	1044.74804
25001	669.91632
25003	665.34875
25005	735.34070
25007	606.38169
25009	667.69530
25011	676.30824
25013	743.55598
25015	682.76873
25017	627.36960
25019	611.94431
25021	627.86659
25023	726.55703
25025	709.54241
25027	720.46442
26001	856.15635
26003	762.02307
26005	742.34521
26007	776.63757
26009	720.06134
26011	855.42026
26013	920.61462
26015	726.31644
26017	785.79050
26019	699.34130
26021	782.47760
26023	814.46357
26025	876.49363
26027	795.21681
26029	710.56124
26031	760.47750
26033	751.31846
26035	902.83440
26037	655.47776
26039	772.65398
26041	732.46629
26043	712.95141
26045	726.35839
26047	680.32507
26049	877.03398
26051	875.19937
26053	834.73117
26055	682.02316
26057	833.42593
26059	790.85615
26061	793.31494
26063	809.55424
26065	761.94780
26067	848.27162
26069	817.92191
26071	789.12750
26073	747.37806
26075	793.11635
26077	781.69450
26079	848.95738
26081	701.46080
26083	651.39971
26085	804.50300
26087	846.78269
26089	525.57413
26091	780.22122
26093	717.99941
26095	828.85696
26097	778.51289
26099	765.39849
26101	760.85551
26103	748.53880
26105	739.89670
26107	743.77554
26109	675.14570
26111	654.40712
26113	800.31726
26115	765.40202
26117	786.59786
26119	875.82582
26121	833.79642
26123	843.37473
26125	703.95876
26127	769.56179
26129	850.83039
26131	828.00756
26133	777.61481
26135	948.71146
26137	798.02663
26139	620.46625
26141	771.61871
26143	866.35045
26145	803.44252
26147	847.00268
26149	813.14797
26151	796.74778
26153	792.61585
26155	861.97283
26157	843.18630
26159	849.33630
26161	664.84773
26163	908.01748
26165	813.48159
27001	719.15147
27003	627.09630
27005	825.37931
27007	736.36253
27009	690.25638
27011	732.16707
27013	661.20622
27015	604.74130
27017	830.75131
27019	597.59643
27021	706.37117
27023	658.79082
27025	662.37752
27027	638.10964
27029	756.34267
27031	542.62484
27033	691.21656
27035	664.52992
27037	623.39625
27039	585.47072
27041	665.26895
27043	633.98227
27045	627.25251
27047	661.02008
27049	691.75844
27051	742.07757
27053	642.81603
27055	625.91952
27057	610.40912
27059	676.50924
27061	712.72735
27063	688.03664
27065	746.73982
27067	613.17134
27069	800.80264
27071	730.91702
27073	662.83460
27075	766.10410
27077	669.92367
27079	659.09071
27081	690.22388
27083	676.72626
27085	664.81404
27087	1001.74803
27089	604.22450
27091	640.50848
27093	646.22632
27095	799.48259
27097	672.60517
27099	592.71402
27101	579.43879
27103	615.37109
27105	577.97517
27107	828.68060
27109	588.22761
27111	678.96736
27113	682.56518
27115	691.11427
27117	665.51494
27119	781.28427
27121	708.77052
27123	690.95929
27125	652.78014
27127	648.24960
27129	789.19022
27131	653.43469
27133	773.23603
27135	680.30200
27137	762.94440
27139	581.49854
27141	716.11450
27143	667.12220
27145	561.08072
27147	619.78150
27149	690.53004
27151	634.02534
27153	629.27448
27155	692.34817
27157	596.80200
27159	790.55844
27161	555.05276
27163	621.71038
27165	686.43239
27167	842.73070
27169	695.54026
27171	675.41924
27173	593.44765
28001	1023.71989
28003	1017.38631
28005	778.66332
28007	1108.62000
28009	966.70383
28011	1256.07995
28013	975.73437
28015	806.03123
28017	926.83235
28019	938.75373
28021	1010.57765
28023	952.23717
28025	885.87748
28027	1068.18988
28029	965.60085
28031	981.09070
28033	864.27124
28035	981.31132
28037	874.53005
28039	1172.28971
28041	971.24716
28043	952.48326
28045	842.39541
28047	897.23097
28049	862.89245
28051	1086.58337
28053	1178.76080
28055	1124.54519
28057	976.40511
28059	934.82731
28061	869.58924
28063	937.65292
28065	946.74875
28067	930.93337
28069	850.50327
28071	916.08236
28073	756.08325
28075	924.61742
28077	1081.77088
28079	1100.27204
28081	1042.61571
28083	1064.59813
28085	976.18094
28087	852.64363
28089	1156.64824
28091	1099.20706
28093	1046.06141
28095	873.13199
28097	1080.94172
28099	1003.54534
28101	1033.03329
28103	1004.74928
28105	771.77010
28107	1052.01117
28109	974.69417
28111	1081.52182
28113	1106.50443
28115	815.37878
28117	884.02268
28119	1254.43453
28121	787.27204
28123	1033.31939
28125	1045.76969
28127	983.86147
28129	906.63261
28131	1024.61367
28133	1177.00768
28135	1008.21534
28137	982.26638
28139	1077.30280
28141	1091.53357
28143	1171.21750
28145	894.13051
28147	996.61885
28149	989.02929
28151	1203.62535
28153	899.27902
28155	1282.94710
28157	1179.20701
28159	919.92205
28161	1053.28828
28163	902.43394
29001	742.81098
29003	724.74745
29005	897.32169
29007	884.98073
29009	837.00716
29011	800.61422
29013	832.76900
29015	894.26035
29017	961.81240
29019	716.26092
29021	876.38140
29023	1008.55816
29025	849.35891
29027	835.74486
29029	752.14036
29031	773.50901
29033	911.70256
29035	1174.92825
29037	803.35079
29039	924.75668
29041	728.40338
29043	750.81206
29045	829.81131
29047	743.06098
29049	876.62344
29051	763.13150
29053	824.27278
29055	938.53888
29057	878.96550
29059	899.12041
29061	849.34776
29063	728.93346
29065	966.40796
29067	768.15121
29069	1163.33331
29071	858.77989
29073	813.30009
29075	830.38608
29077	796.69442
29079	870.73211
29081	765.95494
29083	945.06460
29085	797.57778
29087	844.19846
29089	676.26628
29091	899.90308
29093	1090.81098
29095	841.23862
29097	881.43652
29099	952.89646
29101	823.13450
29103	890.91724
29105	846.37148
29107	778.44060
29109	850.95799
29111	860.53344
29113	858.89933
29115	906.35966
29117	808.22135
29119	919.76698
29121	772.91595
29123	1064.99842
29125	871.19154
29127	818.79798
29129	702.20705
29131	828.16512
29133	1191.40174
29135	845.86129
29137	701.43800
29139	841.25621
29141	931.40683
29143	1077.54951
29145	864.55971
29147	696.23306
29149	917.78421
29151	701.17741
29153	878.39353
29155	1111.89386
29157	861.99632
29159	788.07543
29161	837.09315
29163	832.18791
29165	678.59986
29167	956.60694
29169	838.81129
29171	694.87697
29173	674.53369
29175	857.29020
29177	955.87716
29179	896.96713
29181	1084.44450
29183	686.23733
29185	902.74938
29186	762.86681
29187	966.28699
29189	736.58601
29195	777.35926
29197	819.15036
29199	820.65164
29201	946.92745
29203	822.12604
29205	761.19153
29207	894.08997
29209	722.64703
29211	871.22880
29213	723.72189
29215	815.00673
29217	856.09166
29219	763.85323
29221	970.95029
29223	980.78939
29225	871.55261
29227	854.10828
29229	895.25127
29510	983.10785
30001	736.45027
30003	833.46324
30005	935.70145
30007	701.72270
30009	722.55263
30011	793.31351
30013	753.67402
30015	749.19057
30017	899.66036
30019	678.81211
30021	826.94544
30023	884.02449
30025	804.44156
30027	760.07177
30029	733.34745
30031	647.32007
30033	636.18381
30035	957.55704
30037	854.17346
30039	666.58416
30041	927.30015
30043	938.63191
30045	617.81132
30047	781.35655
30049	759.27384
30051	528.03489
30053	821.58054
30055	737.42696
30057	613.53668
30059	785.68515
30061	912.27875
30063	717.65894
30065	872.03457
30067	668.72006
30071	732.22452
30073	729.96247
30075	583.55708
30077	867.66671
30079	654.39642
30081	716.41782
30083	743.22267
30085	1200.02732
30087	931.69021
30089	663.33865
30091	994.77518
30093	927.60341
30095	754.17787
30097	603.80890
30099	681.25150
30101	723.86305
30105	642.89431
30107	602.63146
30109	781.51174
30111	756.39758
31001	738.39270
31003	598.71649
31011	705.37599
31013	808.20079
31015	671.26334
31017	733.30653
31019	716.15869
31021	756.98356
31023	692.55206
31025	809.32832
31027	658.87756
31029	795.78589
31031	628.20599
31033	628.00077
31035	813.38226
31037	578.75261
31039	581.50698
31041	764.76211
31043	792.07695
31045	713.25454
31047	731.74099
31049	758.82596
31051	712.55025
31053	722.07969
31055	738.08815
31057	689.93731
31059	689.81746
31061	679.43646
31063	406.02284
31065	752.47502
31067	791.87986
31069	838.01373
31071	683.19526
31073	726.07814
31077	732.09573
31079	784.34438
31081	676.37538
31083	776.94456
31087	835.85718
31089	741.98480
31091	610.77323
31093	625.19943
31095	734.06139
31097	777.33184
31099	675.94285
31101	797.28685
31105	855.00724
31107	674.20067
31109	668.57575
31111	728.17993
31119	760.81509
31121	746.35479
31123	716.93307
31125	799.65949
31127	738.03360
31129	700.98885
31131	708.90766
31133	749.34918
31135	567.21360
31137	652.22388
31139	668.23277
31141	660.14563
31143	660.48911
31145	761.11023
31147	742.28288
31149	698.30435
31151	762.85010
31153	691.35466
31155	752.95046
31157	814.94032
31159	778.78662
31161	628.55996
31163	932.28153
31167	602.55091
31169	796.01283
31171	1085.40458
31173	1044.48762
31175	726.35621
31177	677.71365
31179	481.46384
31181	709.51722
31185	682.76833
32001	911.34776
32003	781.75460
32005	651.74428
32007	763.72889
32009	937.62063
32011	906.79144
32013	861.74315
32015	769.12357
32017	711.50801
32019	866.75885
32021	1202.87528
32023	1039.90394
32027	820.06502
32029	648.95022
32031	805.69323
32033	841.82774
32510	863.35572
33001	794.71332
33003	685.85133
33005	699.56351
33007	797.64695
33009	638.42048
33011	689.66223
33013	676.75295
33015	671.38157
33017	722.83416
33019	696.38382
34001	810.91756
34003	569.56732
34005	704.46815
34007	787.52045
34009	807.12176
34011	850.32290
34013	751.66071
34015	793.79095
34017	679.63224
34019	615.93544
34021	697.74393
34023	651.93635
34025	701.40531
34027	597.69807
34029	728.96116
34031	682.96466
34033	836.05002
34035	612.74322
34037	767.04972
34039	662.75988
34041	689.95861
35001	740.31770
35003	512.73698
35005	842.17278
35006	870.99180
35007	739.45873
35009	841.01630
35011	781.71651
35013	728.33943
35015	860.98207
35017	710.36447
35019	749.48231
35021	612.08825
35023	721.40905
35025	862.81524
35027	616.60096
35028	503.32134
35029	842.94386
35031	838.41888
35033	609.90626
35035	781.26182
35037	1021.24635
35039	833.13059
35041	910.30563
35043	681.01048
35045	751.08302
35047	848.25527
35049	615.86111
35051	1029.04478
35053	913.86365
35055	621.26415
35057	858.68607
35059	730.82471
35061	788.89963
36001	703.12150
36003	728.85215
36005	732.92148
36007	748.79846
36009	842.50773
36011	684.68593
36013	766.87038
36015	805.91706
36017	816.51249
36019	747.98378
36021	745.02852
36023	777.24775
36025	759.89129
36027	685.92935
36029	775.48945
36031	684.06218
36033	787.48382
36035	763.06380
36037	781.56447
36039	803.85351
36041	836.69316
36043	706.93578
36045	831.06681
36047	648.19897
36049	772.31671
36051	688.20501
36053	716.18136
36055	694.84255
36057	776.77065
36059	594.76018
36061	573.68819
36063	797.09749
36065	753.94530
36067	703.84833
36069	710.78920
36071	711.26694
36073	800.43305
36075	807.03604
36077	745.32341
36079	649.86113
36081	583.26461
36083	819.70451
36085	708.62633
36087	595.93985
36089	815.19312
36091	672.72328
36093	715.34275
36095	685.17966
36097	822.06898
36099	738.80635
36101	775.80877
36103	678.00807
36105	824.96557
36107	660.97421
36109	658.00085
36111	687.37986
36113	686.60532
36115	786.80856
36117	751.30568
36119	566.78799
36121	769.96954
36123	732.49288
37001	794.76784
37003	826.49120
37005	786.50384
37007	901.00247
37009	803.03855
37011	838.20588
37013	903.28133
37015	906.83093
37017	953.21816
37019	782.13188
37021	760.36611
37023	879.67462
37025	839.52484
37027	946.62570
37029	685.05655
37031	823.20059
37033	835.98834
37035	905.56007
37037	647.58886
37039	784.15303
37041	810.69270
37043	836.47035
37045	992.71338
37047	1039.58766
37049	790.80762
37051	896.13989
37053	844.36805
37055	775.60027
37057	874.88591
37059	704.45500
37061	811.42487
37063	751.72984
37065	906.48770
37067	770.59638
37069	785.63420
37071	956.18850
37073	905.25112
37075	796.12592
37077	805.60736
37079	866.87386
37081	759.94443
37083	957.46179
37085	885.33463
37087	775.66461
37089	715.37503
37091	821.75739
37093	833.02736
37095	841.12861
37097	861.96930
37099	764.20919
37101	864.66896
37103	943.91660
37105	830.62138
37107	999.69194
37109	897.63768
37111	790.39457
37113	728.59447
37115	763.73134
37117	978.75664
37119	716.64254
37121	912.99050
37123	790.27896
37125	698.62987
37127	881.89697
37129	716.57588
37131	833.46021
37133	780.10064
37135	670.77597
37137	768.25030
37139	837.77664
37141	774.46425
37143	721.40437
37145	884.05902
37147	807.13112
37149	747.29636
37151	873.90505
37153	1041.12886
37155	966.84028
37157	901.47379
37159	909.40773
37161	911.46654
37163	896.55553
37165	948.31221
37167	903.71426
37169	856.19162
37171	890.96182
37173	1149.38892
37175	658.15526
37177	1083.71991
37179	772.90711
37181	889.89176
37183	648.14649
37185	808.40343
37187	850.29778
37189	675.13081
37191	928.66522
37193	842.76267
37195	883.55947
37197	867.25614
37199	795.01207
38001	684.77349
38003	690.14306
38005	1097.79364
38009	851.32947
38011	767.02488
38013	876.19791
38015	650.00021
38017	668.61331
38019	652.10601
38021	692.78328
38023	498.28460
38025	679.31558
38027	944.02500
38029	747.63210
38031	666.63909
38033	598.19580
38035	729.89283
38037	673.24442
38039	692.48041
38041	597.22442
38043	539.90275
38045	618.82406
38047	538.00347
38049	662.16005
38051	669.15017
38053	812.77857
38055	777.58984
38057	700.78004
38059	713.95708
38061	935.21906
38063	939.88427
38065	470.50851
38067	720.08377
38069	666.06066
38071	775.86468
38073	784.63053
38075	750.89745
38077	669.51624
38079	1220.78463
38081	730.17046
38085	1467.78587
38089	636.79697
38091	480.69999
38093	742.31141
38095	616.80748
38097	648.53927
38099	612.92966
38101	742.88136
38103	706.37347
38105	757.29942
39001	1009.82032
39003	818.15392
39005	803.65943
39007	871.06938
39009	928.10672
39011	798.03797
39013	891.27062
39015	911.41093
39017	837.26264
39019	761.42918
39021	877.56846
39023	918.58173
39025	816.77724
39027	898.55858
39029	813.29412
39031	802.85093
39033	798.03384
39035	795.45561
39037	751.08677
39039	787.68958
39041	668.24380
39043	815.48754
39045	784.35020
39047	933.60181
39049	844.79900
39051	775.41317
39053	940.04163
39055	627.65661
39057	724.95332
39059	911.03096
39061	831.71018
39063	748.43296
39065	913.30686
39067	926.29782
39069	690.66280
39071	935.25970
39073	864.88331
39075	745.05805
39077	833.58502
39079	1021.28812
39081	959.62966
39083	837.78620
39085	760.68610
39087	958.81750
39089	834.43378
39091	910.04565
39093	772.39815
39095	865.07403
39097	860.24623
39099	851.96571
39101	872.57000
39103	698.21281
39105	912.32075
39107	719.88236
39109	766.33576
39111	901.62342
39113	848.55346
39115	792.52957
39117	793.03270
39119	889.85353
39121	648.14091
39123	778.27534
39125	832.59149
39127	934.36820
39129	887.83168
39131	961.70229
39133	795.93949
39135	855.67380
39137	757.59111
39139	811.29332
39141	960.61053
39143	824.82701
39145	983.86766
39147	767.70228
39149	736.00027
39151	780.73732
39153	805.04923
39155	823.94525
39157	765.44737
39159	738.25578
39161	704.77657
39163	950.57528
39165	770.00485
39167	801.01421
39169	771.30271
39171	764.48115
39173	752.97579
39175	765.19148
40001	1000.84102
40003	802.77193
40005	811.64990
40007	870.19203
40009	1061.45657
40011	928.71038
40013	877.95855
40015	959.80276
40017	813.09969
40019	1099.80546
40021	911.38740
40023	1124.14519
40025	741.41313
40027	787.37176
40029	1204.71748
40031	925.09747
40033	1053.10058
40035	1007.46409
40037	979.25673
40039	965.07039
40041	864.92550
40043	1101.82536
40045	972.90151
40047	889.77264
40049	1075.75313
40051	897.85793
40053	805.65783
40055	906.44091
40057	1117.54147
40059	1051.48830
40061	975.99256
40063	1051.80673
40065	911.04997
40067	1073.08357
40069	1234.39899
40071	936.05316
40073	796.86706
40075	1200.31902
40077	805.09126
40079	1032.83460
40081	878.83748
40083	789.28563
40085	1010.28674
40087	936.55543
40089	1069.45882
40091	1025.93693
40093	810.99501
40095	835.76770
40097	981.75706
40099	1070.28272
40101	1050.90781
40103	852.91856
40105	939.76139
40107	1110.10988
40109	897.05684
40111	1006.28406
40113	851.04308
40115	1083.16148
40117	1018.24040
40119	799.63332
40121	956.00929
40123	1058.17308
40125	979.72811
40127	1059.03740
40129	772.57002
40131	792.63821
40133	1078.90545
40135	1016.85043
40137	970.95753
40139	754.18958
40141	908.95975
40143	871.05643
40145	847.34601
40147	834.71275
40149	958.90519
40151	828.83134
40153	1050.98681
41001	845.91291
41003	596.21367
41005	695.63145
41007	780.56642
41009	756.48554
41011	866.89605
41013	718.30162
41015	839.47235
41017	673.67168
41019	795.93539
41021	761.56470
41023	573.12615
41025	848.17411
41027	647.51294
41029	739.42934
41031	890.78569
41033	809.18003
41035	862.33051
41037	817.25446
41039	712.82763
41041	797.47544
41043	824.53139
41045	778.23725
41047	757.34953
41049	744.15171
41051	746.33618
41053	685.79955
41055	599.11677
41057	728.87527
41059	816.33471
41061	776.02350
41063	583.21710
41065	802.78337
41067	595.11768
41069	715.83205
41071	689.48949
42001	712.39721
42003	782.59781
42005	808.60549
42007	783.38937
42009	712.92299
42011	719.55191
42013	863.83094
42015	801.37566
42017	700.98463
42019	751.92470
42021	828.28844
42023	735.13373
42025	853.39621
42027	653.64221
42029	650.31528
42031	824.84932
42033	806.06502
42035	759.65197
42037	801.61675
42039	840.57363
42041	693.77116
42043	763.29722
42045	775.54195
42047	767.76322
42049	778.68591
42051	925.58630
42053	856.17465
42055	724.97442
42057	794.01999
42059	937.46455
42061	773.32763
42063	771.48323
42065	849.16692
42067	736.38836
42069	827.91514
42071	675.59041
42073	789.75377
42075	731.15288
42077	713.64418
42079	844.70027
42081	804.57186
42083	854.76516
42085	807.64650
42087	763.31940
42089	773.55930
42091	673.74625
42093	740.12244
42095	690.08272
42097	796.99459
42099	815.27208
42101	913.87034
42103	640.35715
42105	755.27796
42107	848.03129
42109	693.70377
42111	770.57899
42113	955.30955
42115	772.33118
42117	797.66264
42119	692.61571
42121	829.51645
42123	787.46817
42125	817.49633
42127	772.66754
42129	769.08815
42131	826.76138
42133	724.25048
44001	667.23913
44003	757.57710
44005	623.24316
44007	733.42798
44009	672.28665
45001	853.61969
45003	827.00615
45005	1009.95179
45007	898.00895
45009	1012.23572
45011	997.67011
45013	576.49288
45015	810.03911
45017	932.87986
45019	784.74774
45021	941.05276
45023	968.26044
45025	987.52322
45027	887.04148
45029	1131.63843
45031	1007.68576
45033	1054.02544
45035	788.14836
45037	795.81567
45039	1010.31452
45041	997.65681
45043	858.23332
45045	793.10741
45047	841.84500
45049	976.38917
45051	823.76168
45053	931.52127
45055	906.42041
45057	830.63191
45059	957.05132
45061	1104.01306
45063	830.74398
45065	886.22685
45067	1102.14709
45069	1016.79361
45071	908.56193
45073	836.28199
45075	1025.92410
45077	839.35637
45079	813.99814
45081	789.22422
45083	909.29991
45085	890.10177
45087	1020.13849
45089	970.77926
45091	827.32839
46003	625.28860
46005	761.47193
46007	1041.58124
46009	624.50983
46011	639.89341
46013	705.47082
46015	668.20284
46017	1635.12436
46019	744.98838
46021	427.56396
46023	876.47580
46025	755.78741
46027	763.05241
46029	681.02911
46031	1248.11798
46033	684.43839
46035	612.63542
46037	750.41060
46039	590.55736
46041	1199.36864
46043	649.67161
46045	673.04640
46047	847.85782
46049	486.79749
46051	715.69963
46053	733.06552
46055	495.34591
46057	716.15418
46059	533.35613
46061	592.08001
46063	745.16805
46065	773.29608
46067	631.76273
46069	685.73036
46071	978.52190
46073	572.74900
46077	753.87163
46079	689.41453
46081	619.79203
46083	478.75743
46085	796.40722
46087	864.34236
46089	434.32338
46091	914.81070
46093	668.40388
46095	1068.71652
46097	774.37018
46099	750.63727
46101	661.38127
46103	657.41991
46105	772.23763
46107	555.23172
46109	792.93967
46111	540.01915
46113	1365.63963
46115	720.09832
46117	458.78597
46121	1221.01976
46123	775.24447
46125	658.52037
46127	690.16906
46129	665.08359
46135	637.71311
46137	1202.27562
47001	865.66797
47003	935.36679
47005	1080.72922
47007	905.08439
47009	813.92237
47011	874.20650
47013	1065.54329
47015	855.45439
47017	995.93858
47019	918.78583
47021	1009.87234
47023	876.54258
47025	1019.53136
47027	979.99636
47029	1020.00365
47031	973.39055
47033	980.80836
47035	809.11432
47037	872.87498
47039	1058.72458
47041	1052.69914
47043	899.99361
47045	977.16651
47047	873.35905
47049	1063.81082
47051	868.94744
47053	1031.14679
47055	919.92378
47057	1062.31091
47059	962.14408
47061	1095.00008
47063	941.94386
47065	803.69648
47067	1159.78128
47069	970.15751
47071	947.78877
47073	947.58228
47075	968.22051
47077	995.30508
47079	1045.98810
47081	955.04228
47083	897.60037
47085	945.04526
47087	1040.31432
47089	984.41246
47091	902.67103
47093	855.59518
47095	1127.08406
47097	983.17479
47099	953.25884
47101	872.88450
47103	950.85676
47105	721.60372
47107	960.68559
47109	1116.46514
47111	1046.94634
47113	848.02601
47115	989.01964
47117	968.43339
47119	896.98877
47121	1135.71792
47123	932.81987
47125	920.62633
47127	704.39510
47129	990.09571
47131	949.34849
47133	1066.32815
47135	907.17970
47137	682.15967
47139	1014.47801
47141	859.80137
47143	950.93801
47145	933.95358
47147	908.82479
47149	828.26630
47151	1019.06775
47153	948.19339
47155	884.33450
47157	909.32073
47159	1061.88980
47161	1058.21415
47163	863.21757
47165	824.44680
47167	969.56096
47169	1066.45826
47171	963.80645
47173	912.34845
47175	810.20032
47177	990.41873
47179	840.37403
47181	956.11589
47183	869.57459
47185	938.51279
47187	627.60449
47189	807.30683
48001	1025.97087
48003	917.57380
48005	914.19083
48007	950.68098
48009	713.02394
48011	974.17418
48013	805.44740
48015	789.38239
48017	795.78152
48019	677.59235
48021	803.03292
48023	951.66921
48025	802.26562
48027	794.92922
48029	749.12389
48031	848.35773
48035	852.93089
48037	921.51808
48039	780.48597
48041	712.29577
48043	714.86425
48045	609.20636
48047	920.65416
48049	962.76119
48051	785.06457
48053	715.00890
48055	799.17340
48057	807.11285
48059	950.28597
48061	661.20551
48063	910.62823
48065	781.87427
48067	980.41633
48069	614.45264
48071	838.61903
48073	885.18861
48075	867.87931
48077	903.82029
48079	1016.62345
48081	1101.92035
48083	931.04040
48085	641.77892
48087	941.41825
48089	829.67443
48091	727.62870
48093	879.53405
48095	789.99785
48097	852.11958
48099	875.43964
48101	726.36403
48103	810.97208
48105	852.60151
48107	1050.31168
48109	700.66275
48111	840.12224
48113	773.53547
48115	944.97994
48117	840.80129
48119	978.49519
48121	692.24733
48123	809.96244
48125	580.13308
48127	686.69619
48129	978.32034
48131	971.67911
48133	984.11813
48135	987.91359
48137	558.49591
48139	838.48928
48141	682.09733
48143	797.55224
48145	869.51596
48147	996.81771
48149	705.30666
48151	891.67067
48153	866.96758
48155	737.13063
48157	627.06960
48159	938.64178
48161	793.45732
48163	799.05956
48165	860.27096
48167	833.23042
48169	882.49087
48171	682.66127
48175	632.35728
48177	908.23655
48179	981.93374
48181	891.66953
48183	942.94454
48185	831.16780
48187	701.10982
48189	877.25510
48191	918.28366
48193	846.84457
48195	881.80701
48197	594.24894
48199	892.29766
48201	752.99704
48203	858.58232
48205	616.09577
48207	820.88357
48209	707.00064
48211	780.13924
48213	936.08051
48215	623.12886
48217	832.12360
48219	938.72446
48221	722.31060
48223	892.09453
48225	891.19664
48227	931.96345
48229	493.05467
48231	932.19052
48233	993.07144
48235	704.88906
48237	868.83027
48239	730.81601
48241	940.64428
48243	607.73393
48245	901.26850
48247	999.48663
48249	865.03226
48251	875.79025
48253	896.88801
48255	866.25411
48257	944.13608
48259	697.39624
48263	655.55066
48265	743.23563
48267	888.60532
48271	747.32926
48273	868.78615
48275	834.81803
48277	960.51296
48279	924.95358
48281	791.36554
48283	825.98656
48285	698.26754
48287	743.80600
48289	892.55984
48291	1019.75504
48293	993.77635
48295	798.10899
48297	674.40567
48299	780.28901
48303	891.09217
48305	752.85168
48307	934.25285
48309	811.69055
48313	846.69288
48315	1009.41256
48317	870.16080
48319	687.67669
48321	864.97343
48323	722.30485
48325	755.41223
48327	891.13627
48329	743.97052
48331	859.06748
48333	842.78009
48335	993.52453
48337	975.17555
48339	770.84972
48341	837.27177
48343	910.17000
48345	836.26526
48347	910.14038
48349	922.38929
48351	1052.19369
48353	921.68766
48355	762.52134
48357	907.17192
48359	594.07842
48361	997.25344
48363	964.25248
48365	942.21667
48367	842.55637
48369	731.21469
48371	697.61214
48373	1094.48539
48375	975.16263
48377	418.19502
48379	762.56157
48381	781.51886
48383	885.62451
48385	902.93610
48387	982.90076
48389	779.92471
48391	888.44496
48395	899.40183
48397	694.95548
48399	840.31404
48401	914.23506
48403	865.36827
48405	1067.70125
48407	876.77084
48409	865.79667
48411	800.43133
48413	847.37466
48415	837.56694
48417	730.82768
48419	1116.59710
48421	685.16751
48423	791.86551
48425	862.33487
48427	760.21646
48429	927.04965
48431	1292.88314
48433	788.20693
48435	717.67307
48437	754.54789
48439	774.97546
48441	900.27298
48445	998.66046
48447	894.21452
48449	806.34000
48451	802.47426
48453	661.91176
48455	959.41440
48457	856.76146
48459	922.55806
48461	834.51790
48463	754.98673
48465	724.09587
48467	950.29210
48469	766.81366
48471	862.64157
48473	812.58424
48475	803.77889
48477	708.33241
48479	683.94426
48481	803.77680
48483	903.82610
48485	938.62565
48487	920.48447
48489	771.04653
48491	608.93297
48493	734.29266
48495	954.77438
48497	845.58724
48499	897.36331
48501	831.46693
48503	926.86908
48505	804.94570
48507	644.63394
49001	1032.24410
49003	768.59179
49005	620.46337
49007	864.00874
49011	639.57694
49013	814.31718
49015	811.54054
49017	573.48015
49019	765.63406
49021	730.05777
49023	904.13864
49025	675.09855
49027	674.93465
49029	565.19739
49031	851.66539
49033	731.01897
49035	715.92579
49037	722.08373
49039	766.20264
49041	869.81081
49043	625.33184
49045	809.73988
49047	840.15538
49049	655.61984
49051	739.39718
49053	610.30806
49055	787.02137
49057	746.12340
50001	740.91770
50003	761.20373
50005	700.74367
50007	636.36622
50009	770.87038
50011	731.21066
50013	743.89517
50015	700.00670
50017	699.37630
50019	727.17807
50021	758.97396
50023	694.65582
50025	753.08054
50027	660.69616
51001	967.94501
51003	604.46717
51005	945.95725
51007	830.50671
51009	854.10850
51011	878.46948
51013	578.73129
51015	721.80435
51017	752.78746
51019	790.71013
51021	928.39611
51023	770.07813
51025	919.61827
51027	1048.34043
51029	803.35759
51031	748.40167
51033	795.78423
51035	872.66107
51036	970.84064
51037	858.38625
51041	704.88696
51043	820.85223
51045	760.03400
51047	760.33729
51049	787.70792
51051	1056.29261
51053	871.35914
51057	785.76862
51059	519.95027
51061	780.49088
51063	727.85648
51065	629.49521
51067	789.26560
51069	715.39595
51071	860.72749
51073	884.71091
51075	647.87718
51077	835.05772
51079	723.38139
51081	1014.19840
51083	893.55566
51085	679.32542
51087	717.24749
51089	886.96140
51091	651.18251
51093	820.87030
51095	548.94534
51097	801.44806
51099	752.95023
51101	858.14450
51103	742.02219
51105	1006.12527
51107	535.94635
51109	799.70540
51111	904.84737
51113	706.11892
51115	752.33622
51117	893.68512
51119	777.59345
51121	750.30786
51125	778.79320
51127	872.70159
51131	912.67285
51133	727.69049
51135	954.27810
51137	729.12933
51139	901.65930
51141	850.01451
51143	818.11593
51145	787.28996
51147	804.43681
51149	676.09820
51153	636.83546
51155	914.67333
51157	748.96543
51159	760.09631
51161	715.88117
51163	633.44275
51165	662.20262
51167	993.74265
51169	911.74703
51171	713.18742
51173	1006.15258
51175	875.17965
51177	739.03739
51179	740.45006
51181	854.11933
51183	967.92468
51185	1115.67205
51187	886.00717
51191	860.37100
51193	808.51521
51195	1039.02285
51197	881.53566
51199	676.13201
51510	628.10377
51515	896.84672
51520	913.27401
51530	907.03361
51540	779.22661
51550	787.76491
51570	763.44568
51580	786.40083
51590	1011.09283
51595	1062.36151
51600	828.07142
51610	620.53386
51620	989.73608
51630	871.09283
51640	863.63787
51650	856.29088
51660	717.29382
51670	1057.97345
51678	723.61524
51680	785.77700
51683	731.56101
51685	687.14443
51690	1044.66646
51700	850.92836
51710	939.95054
51720	784.11789
51730	1100.20462
51735	786.63853
51740	971.74213
51750	716.78093
51760	946.29475
51770	982.16306
51775	869.83067
51790	848.26212
51800	871.11078
51810	709.76882
51820	865.90014
51830	802.81594
51840	884.69345
53001	748.71650
53003	702.89272
53005	726.41768
53007	642.69727
53009	729.98949
53011	715.14361
53013	747.71103
53015	798.05959
53017	696.68480
53019	777.25219
53021	726.43878
53023	641.68806
53025	747.99353
53027	851.00178
53029	586.19125
53031	644.19643
53033	620.62228
53035	740.15930
53037	655.15908
53039	692.57147
53041	799.34613
53043	760.68601
53045	741.50182
53047	796.62564
53049	893.56565
53051	854.53462
53053	780.29296
53055	458.83730
53057	737.32856
53059	713.93794
53061	701.67937
53063	768.84096
53065	773.18435
53067	680.52984
53069	602.71064
53071	728.55294
53073	648.45443
53075	646.37251
53077	788.75051
54001	892.99081
54003	881.74068
54005	1132.85207
54007	834.18898
54009	915.24695
54011	943.14428
54013	838.99997
54015	906.61466
54017	809.15207
54019	1103.10159
54021	740.97877
54023	731.33356
54025	944.36832
54027	837.65880
54029	903.99895
54031	914.07514
54033	947.82742
54035	888.14644
54037	870.56343
54039	975.22641
54041	978.99668
54043	1162.65467
54045	1157.13594
54047	1292.53270
54049	873.03535
54051	864.67622
54053	1004.12442
54055	1052.03597
54057	940.88380
54059	1262.72200
54061	757.67962
54063	888.38261
54065	916.94032
54067	1012.31779
54069	871.94084
54071	654.26692
54073	911.68583
54075	959.57053
54077	805.24021
54079	874.89497
54081	1029.30056
54083	847.72341
54085	940.85886
54087	915.30066
54089	923.54455
54091	887.98771
54093	960.48012
54095	929.98577
54097	870.85216
54099	934.49133
54101	916.57307
54103	962.76846
54105	928.82915
54107	902.20766
54109	1224.63041
55001	777.63554
55003	824.38905
55005	708.43787
55007	761.70923
55009	642.26533
55011	714.84243
55013	594.99849
55015	622.49980
55017	677.36849
55019	725.00966
55021	732.20252
55023	690.69869
55025	628.07347
55027	779.03151
55029	672.30103
55031	757.60235
55033	643.31975
55035	652.86253
55037	847.20071
55039	667.47432
55041	808.45048
55043	726.18435
55045	693.21873
55047	740.29418
55049	681.14855
55051	725.30180
55053	687.41472
55055	690.94889
55057	740.56504
55059	766.09905
55061	559.18858
55063	690.59466
55065	690.66538
55067	700.78392
55069	709.00986
55071	695.64686
55073	657.24405
55075	713.18730
55077	759.20968
55078	1136.96152
55079	818.42036
55081	773.08941
55083	778.33084
55085	758.68302
55087	661.93968
55089	662.07485
55091	730.88571
55093	648.08958
55095	721.96298
55097	610.95329
55099	695.18349
55101	727.38199
55103	647.99546
55105	760.37634
55107	713.85265
55109	725.20399
55111	720.80283
55113	757.21612
55115	694.08074
55117	703.30204
55119	680.94836
55121	689.35024
55123	699.09014
55125	720.64207
55127	740.76552
55129	777.43905
55131	662.82406
55133	650.02998
55135	875.93307
55137	679.25534
55139	719.84862
55141	677.74001
56001	680.31084
56003	846.26472
56005	1031.79607
56007	870.46328
56009	739.77439
56011	672.69417
56013	901.22710
56015	761.20413
56017	804.52556
56019	747.31050
56021	795.04644
56023	680.81194
56025	822.11825
56027	811.85789
56029	657.15079
56031	709.19541
56033	791.22364
56035	611.21163
56037	756.78444
56039	546.53733
56041	811.82920
56043	773.51946
56045	749.88738
