1001	225.00547
1003	152.31434
1005	304.24403
1007	214.43212
1009	164.40528
1011	230.4682
1013	209.2935
1015	250.07699
1017	191.65957
1019	221.15735
1021	212.94378
1023	261.80148
1025	168.75384
1027	273.04167
1029	286.15507
1031	241.15559
1033	213.02413
1035	178.06756
1037	159.37491
1039	184.56699
1041	196.21548
1043	248.99457
1045	181.95164
1047	279.49081
1049	251.12657
1051	205.55494
1053	205.02551
1055	248.52178
1057	208.80741
1059	239.58184
1061	207.45657
1063	339.75414
1065	255.28131
1067	215.52848
1069	140.56396
1071	255.13994
1073	158.12842
1075	214.10149
1077	163.66171
1079	210.46429
1081	128.51476
1083	158.10601
1085	226.25791
1087	265.98808
1089	141.969
1091	294.01465
1093	258.59938
1095	238.13299
1097	167.81346
1099	229.54282
1101	146.65952
1103	241.223
1105	252.96754
1107	253.7276
1109	207.84219
1111	204.36547
1113	145.49478
1115	233.21156
1117	130.06041
1119	263.21831
1121	228.80254
1123	178.54358
1125	171.99823
1127	230.5505
1129	219.98745
1131	271.29405
1133	199.40689
2020	103.24296
2090	115.65649
2110	81.94433
2122	135.29724
2130	108.60641
2150	164.08114
2170	92.70554
2180	300.34207
2280	216.44446
4001	91.43656
4003	143.23695
4005	94.56435
4007	99.94057
4009	94.06947
4012	92.72033
4013	78.60783
4015	145.08758
4017	99.56427
4019	98.43535
4021	76.8137
4023	62.97573
4025	101.13447
4027	84.13727
5001	218.37165
5003	199.49245
5005	155.95614
5007	145.72395
5009	191.62503
5011	316.78392
5015	161.35514
5017	256.95931
5019	186.23297
5021	190.58689
5023	236.08876
5025	184.72563
5027	168.16976
5029	141.29912
5031	174.71816
5033	230.36518
5035	218.01667
5037	148.01319
5039	240.65185
5041	283.61237
5043	167.85037
5045	138.83995
5047	206.2477
5049	201.40623
5051	124.50349
5053	143.48704
5055	179.14345
5057	283.96159
5059	168.57841
5061	191.18741
5063	206.38556
5065	151.81031
5067	208.45569
5069	199.45499
5071	129.73348
5073	164.70952
5075	201.2037
5077	190.70332
5079	239.40506
5081	214.977
5083	244.9985
5085	132.76972
5087	114.64124
5089	132.87104
5091	182.41242
5093	271.78131
5095	257.35659
5097	209.98771
5099	269.66985
5101	167.86685
5103	234.91209
5105	132.85317
5107	175.42711
5109	176.24196
5111	246.30559
5113	224.93866
5115	137.07508
5117	206.71607
5119	124.15905
5121	197.58177
5123	241.33327
5125	115.71444
5127	262.79311
5129	115.35226
5131	162.23197
5133	216.79206
5135	243.60396
5137	131.74254
5139	159.97704
5141	197.22507
5143	159.42963
5145	142.52378
5147	224.23206
5149	209.63588
6001	76.39072
6005	116.70302
6007	87.35424
6009	127.06004
6011	70.79971
6013	81.11818
6015	156.1851
6017	85.33434
6019	103.99118
6021	77.58999
6023	107.76279
6025	95.26644
6027	147.19828
6029	115.50824
6031	128.51004
6033	151.3636
6035	142.8833
6037	103.8706
6039	112.73207
6041	65.63002
6043	100.09972
6045	116.98756
6047	102.73982
6049	149.71014
6053	74.93044
6055	97.26324
6057	73.93685
6059	83.78839
6061	87.16091
6063	143.6515
6065	107.1435
6067	98.17063
6069	85.72159
6071	104.14484
6073	94.96485
6075	77.69341
6077	92.2665
6079	86.64027
6081	83.04199
6083	90.01867
6085	55.47627
6087	105.84574
6089	138.18354
6093	108.20451
6095	96.65844
6097	94.31432
6099	114.43072
6101	88.62207
6103	119.42549
6105	116.47811
6107	110.64622
6109	94.07204
6111	90.56422
6113	92.93212
6115	127.96934
8001	90.31985
8003	122.17927
8005	80.50613
8007	78.70084
8011	146.48354
8013	79.69226
8014	87.19215
8015	89.64111
8021	170.60295
8027	235.24678
8029	120.45969
8031	104.57946
8035	67.41936
8037	74.93315
8039	103.09976
8041	83.78821
8043	132.48948
8045	97.27317
8051	94.6004
8055	133.68084
8059	84.31689
8063	138.58702
8067	109.90362
8069	80.12156
8071	159.96637
8075	105.28407
8077	117.65987
8081	97.48165
8083	126.45797
8085	118.02903
8087	113.54474
8089	129.62951
8095	124.57595
8099	115.52572
8101	92.97089
8105	86.33818
8107	76.33977
8115	208.11786
8119	92.15612
8123	77.81814
8125	97.39179
9001	91.13739
9003	114.99207
9005	128.96462
9007	97.0977
9009	95.59836
9011	113.41438
9013	115.19736
9015	127.00501
10001	131.52308
10003	112.51891
10005	126.24585
11001	154.1237
12001	96.24313
12003	124.36904
12005	111.53872
12007	118.12469
12009	100.34834
12011	100.72857
12013	143.85429
12015	74.97231
12017	142.18798
12019	103.36122
12021	65.64694
12023	148.33801
12027	69.76869
12029	165.82082
12031	123.55087
12033	126.89375
12035	79.83584
12037	73.79737
12039	130.06006
12041	102.8928
12043	100.78672
12045	99.14953
12047	155.58398
12049	76.02032
12051	151.34568
12053	111.47063
12055	81.96488
12057	90.1962
12059	162.82229
12061	80.71497
12063	149.78171
12065	105.84306
12069	108.35632
12071	76.54218
12073	104.44096
12075	122.33678
12079	151.04941
12081	92.64457
12083	117.7414
12085	76.07399
12086	98.68205
12087	99.79697
12089	109.78993
12091	119.10541
12093	118.76925
12095	94.11114
12097	110.16334
12099	90.89239
12101	101.54215
12103	98.77233
12105	98.04994
12107	99.11762
12109	83.41551
12111	84.35063
12113	116.47356
12115	77.22109
12117	91.91485
12119	106.99963
12121	134.22931
12123	123.94739
12125	217.30444
12127	106.99802
12129	140.91595
12131	101.81687
12133	150.13597
13001	225.02036
13003	242.94301
13005	302.69656
13009	166.876
13011	148.24246
13013	166.25442
13015	138.13122
13017	175.58087
13019	204.2648
13021	200.43168
13023	154.27064
13025	180.93802
13027	228.79478
13029	159.93056
13031	124.49851
13033	202.97683
13035	165.26048
13037	178.60812
13039	198.52845
13043	171.97272
13045	179.11241
13047	102.92309
13049	164.87988
13051	132.78421
13055	148.79213
13057	123.82772
13059	108.67383
13061	365.44558
13063	148.3069
13065	356.22105
13067	119.88002
13069	136.86859
13071	175.91215
13073	102.77705
13075	193.88294
13077	157.67362
13079	158.83673
13081	180.54726
13083	202.7844
13085	147.44341
13087	246.35221
13089	102.26846
13091	236.42604
13093	130.9038
13095	140.17485
13097	175.52553
13099	158.27434
13103	201.02864
13105	164.47881
13107	206.36125
13109	144.20058
13111	151.80546
13113	95.5714
13115	155.32862
13117	125.67536
13119	180.86876
13121	117.34659
13123	122.45081
13127	137.05763
13129	179.66004
13131	140.63505
13133	122.26852
13135	96.45324
13137	142.66388
13139	125.66302
13141	137.87789
13143	210.41511
13145	126.11419
13147	189.39429
13149	100.29936
13151	125.26097
13153	120.10397
13155	147.99753
13157	136.16804
13159	136.70739
13161	160.03324
13163	152.68582
13167	165.22636
13169	127.6518
13171	188.56063
13173	243.88082
13175	188.49057
13177	134.25714
13179	118.29949
13181	189.08958
13183	99.26532
13185	203.76674
13187	136.41526
13189	92.72451
13191	117.72378
13193	220.16589
13195	121.14417
13197	193.49785
13199	188.66394
13201	181.34925
13205	174.60797
13207	135.59685
13209	201.94937
13211	155.01593
13213	155.92161
13215	139.03282
13217	142.86387
13219	96.73232
13221	104.20344
13223	110.05067
13225	170.99962
13227	140.34526
13229	155.8453
13231	136.02787
13233	227.05034
13235	113.45834
13237	135.93371
13241	126.29471
13243	144.49191
13245	118.37441
13247	103.47504
13251	137.09375
13253	209.11577
13255	168.84501
13257	216.8072
13259	198.87122
13261	220.32495
13263	213.52729
13267	190.14497
13269	179.42741
13271	163.93413
13273	95.09502
13275	162.54949
13277	122.60274
13279	181.77606
13281	116.07093
13283	258.75055
13285	153.87726
13287	161.94059
13289	198.44657
13291	122.40365
13293	180.19886
13295	182.18988
13297	154.85591
13299	147.84624
13301	203.87211
13303	121.77639
13305	207.434
13309	155.25068
13311	167.36952
13313	108.65895
13315	158.00599
13317	179.33047
13319	231.69352
13321	149.87211
15001	102.40589
15003	103.91427
15007	97.79036
15009	98.66911
16001	86.46245
16005	153.12919
16007	158.51141
16009	120.10748
16011	124.1942
16017	96.04856
16019	122.87923
16021	144.25284
16027	104.84515
16029	135.15168
16031	157.75682
16035	120.19771
16039	130.48997
16041	78.89694
16043	168.39356
16045	107.59747
16047	210.70472
16049	126.5132
16051	87.42122
16053	108.43175
16055	98.57266
16057	113.37778
16059	90.97105
16065	110.97775
16067	120.06148
16069	114.38456
16071	215.97563
16073	104.25807
16075	153.54618
16079	124.3807
16083	116.72584
16087	103.52034
17001	101.58757
17003	256.93552
17005	138.25978
17007	104.86253
17009	139.46291
17011	147.02219
17013	150.53127
17015	105.70606
17017	147.69038
17019	104.2641
17021	136.52213
17023	121.97978
17025	122.31467
17027	146.42098
17029	129.36319
17031	121.38578
17033	172.85464
17035	107.73281
17037	110.74828
17039	126.59791
17041	142.50619
17043	87.4544
17045	220.65022
17047	191.97912
17049	92.3496
17051	105.74526
17053	152.41123
17055	127.50918
17057	172.04193
17059	302.72245
17061	133.81043
17063	124.8599
17065	285.37773
17067	128.86856
17069	174.50644
17071	145.44567
17073	126.46746
17075	145.03897
17077	142.18538
17079	111.1319
17081	138.93695
17083	128.09446
17085	124.76666
17087	107.5141
17089	85.30394
17091	130.82873
17093	90.08941
17095	144.58651
17097	96.52957
17099	116.27014
17101	131.19608
17103	121.57031
17105	126.66733
17107	95.30153
17109	142.08978
17111	95.37191
17113	100.75478
17115	145.56075
17117	132.66157
17119	156.61402
17121	177.03898
17123	156.19149
17125	96.2192
17127	193.91802
17129	160.14564
17131	101.06118
17133	120.40747
17135	140.38452
17137	58.16598
17139	124.97249
17141	127.56521
17143	103.62913
17145	178.14801
17147	127.18087
17149	83.525
17153	240.71652
17155	115.91024
17157	148.08827
17159	132.7096
17161	114.99932
17163	125.02039
17165	207.22205
17167	111.07594
17169	163.13648
17173	138.66912
17175	136.72415
17177	106.16073
17179	126.63121
17181	151.82099
17183	146.58469
17185	139.8022
17187	151.45031
17189	112.60726
17191	132.35987
17193	164.99208
17195	138.48891
17197	112.13845
17199	153.73753
17201	136.19783
17203	100.83002
18001	104.28204
18003	103.84149
18005	150.26366
18007	150.04281
18009	130.38727
18011	117.41255
18013	113.88407
18015	96.71564
18017	131.06506
18019	169.47133
18021	151.53105
18023	132.36837
18025	245.6354
18027	154.24902
18029	117.52608
18031	120.7757
18033	136.70845
18035	122.27324
18037	132.25157
18039	122.99361
18041	137.10186
18043	148.30735
18045	199.68974
18047	74.09444
18049	136.74159
18051	148.41789
18053	100.10875
18055	158.69323
18057	104.28904
18059	121.18841
18061	134.39867
18063	101.81817
18065	138.36165
18067	129.89282
18069	154.74641
18071	147.7868
18073	187.2192
18075	105.13213
18077	134.87201
18079	149.78339
18081	97.7213
18083	150.84877
18085	139.31057
18087	125.27388
18089	119.5943
18091	165.78127
18093	122.76557
18095	140.42263
18097	117.82043
18099	135.23913
18101	152.54595
18103	137.18828
18105	106.18993
18107	150.65088
18109	155.8942
18111	174.66285
18113	123.51275
18115	167.33941
18117	148.90853
18119	112.22865
18121	151.77432
18123	134.97118
18125	141.44604
18127	100.55679
18129	135.83903
18131	160.27716
18133	117.39313
18135	110.36301
18137	87.24021
18139	119.13036
18141	123.78464
18143	154.87062
18145	133.01214
18147	147.5646
18149	232.74843
18151	125.11717
18153	154.34417
18155	180.16411
18157	139.44816
18159	158.02937
18161	134.72313
18163	140.64563
18165	253.84922
18167	132.77673
18169	128.60463
18173	117.63406
18175	150.53699
18177	137.96474
18179	129.61159
18181	100.76451
18183	105.41273
19001	134.80858
19003	206.03403
19005	109.88038
19007	165.86073
19009	82.75174
19011	172.25623
19013	104.25247
19015	103.95084
19017	90.61134
19019	93.68709
19021	103.90765
19023	77.75805
19025	81.65955
19027	114.22639
19029	175.51177
19031	106.48158
19033	93.10328
19035	96.35774
19037	158.6849
19039	127.11166
19041	74.80751
19043	75.86177
19045	131.96458
19047	86.60816
19049	95.81558
19051	156.06188
19053	101.14234
19055	98.2141
19057	117.96763
19059	107.46199
19061	121.86765
19063	171.89621
19065	109.75487
19067	57.15464
19069	121.32056
19071	90.47647
19073	71.01501
19075	104.12458
19077	95.55758
19079	104.85237
19081	111.00021
19083	146.8999
19085	74.48492
19087	94.66924
19089	119.08342
19091	218.15175
19093	152.04067
19095	101.88939
19097	92.39917
19099	124.06715
19101	146.5141
19103	111.5023
19105	105.69607
19107	97.70765
19109	69.1301
19111	225.82866
19113	97.48382
19115	192.24485
19117	112.13871
19119	204.98662
19121	113.39342
19123	92.90687
19125	152.70247
19127	90.25861
19129	150.94609
19131	86.70883
19133	117.17189
19135	114.89618
19137	154.40511
19139	135.11285
19141	73.30912
19143	188.1169
19145	139.64165
19147	138.42676
19149	39.1151
19151	158.44454
19153	98.24821
19155	119.27922
19157	145.00193
19159	113.75564
19161	71.58098
19163	94.3507
19165	139.02406
19167	92.7361
19169	85.86719
19171	98.82865
19173	153.79884
19175	96.48944
19177	103.78049
19179	187.56458
19181	72.21704
19183	96.99585
19185	176.87695
19187	139.7855
19189	87.4428
19191	92.025
19193	94.45001
19197	98.55379
20001	165.81043
20003	111.38706
20005	126.85516
20009	130.30272
20011	144.68118
20013	180.22317
20015	119.57024
20019	175.86096
20021	190.40364
20027	78.6947
20029	106.55779
20031	119.46052
20035	131.44172
20037	163.09764
20039	165.80158
20041	121.64119
20043	144.70113
20045	100.37632
20047	203.97678
20051	87.37872
20053	152.912
20055	100.98109
20057	125.18288
20059	110.31383
20061	127.84156
20073	155.30735
20077	212.27666
20079	92.83738
20085	121.19645
20087	78.13
20091	72.44909
20095	118.02069
20099	167.91115
20103	123.18007
20107	135.45461
20111	137.52879
20113	92.8882
20115	101.20648
20117	102.60256
20119	141.20602
20121	95.44607
20123	109.70359
20125	134.40319
20127	117.84427
20131	113.89111
20133	138.813
20137	175.40279
20139	133.25651
20143	133.96824
20145	97.45873
20147	125.82748
20149	124.14953
20151	91.161
20155	107.95372
20159	126.71388
20161	84.73737
20167	153.3943
20169	93.7354
20171	130.35398
20173	122.66363
20175	101.93683
20177	106.63047
20183	103.74507
20191	105.50105
20193	100.58906
20201	101.08046
20205	164.33648
20207	140.89235
20209	103.75564
21001	246.66326
21003	217.99012
21005	127.87764
21007	203.8073
21009	177.74807
21011	279.18577
21013	224.76713
21015	124.6013
21017	173.68607
21019	181.65753
21021	137.4561
21023	181.91544
21025	236.81139
21027	154.12337
21029	123.09342
21031	157.53973
21033	201.50928
21035	184.12661
21037	107.65318
21039	155.87537
21041	164.27309
21043	188.04614
21045	211.42412
21047	170.86819
21049	146.86224
21051	231.28696
21053	166.26902
21055	235.37607
21057	195.78767
21059	134.59261
21061	174.19585
21063	133.99354
21065	174.18793
21067	108.22856
21069	216.49523
21071	184.33076
21073	119.48304
21075	249.06439
21077	365.06886
21079	134.55068
21081	246.25697
21083	151.48003
21085	185.57722
21087	204.12268
21089	142.2012
21091	149.66551
21093	113.38825
21095	177.59432
21097	228.1484
21099	154.66227
21101	156.88676
21103	195.61307
21105	186.93794
21107	189.84617
21109	181.59644
21111	132.7004
21113	99.80931
21115	153.98084
21117	113.14437
21119	187.59625
21121	213.9745
21123	159.53373
21125	189.10828
21127	228.8699
21129	231.58097
21131	193.92755
21133	251.79725
21135	202.12194
21137	158.84946
21139	209.58096
21141	116.72187
21143	172.92442
21145	183.54255
21147	174.31755
21149	173.22846
21151	177.3128
21153	144.28395
21155	124.59491
21157	229.7019
21159	231.72558
21161	149.31824
21163	154.60493
21165	218.78571
21167	114.63993
21169	260.76603
21171	299.65116
21173	239.63468
21175	231.61579
21177	191.72883
21179	132.52007
21181	208.16
21183	128.95991
21185	117.5221
21187	302.05882
21189	244.90974
21191	225.86284
21193	350.12234
21195	171.14867
21197	195.62084
21199	160.72464
21203	197.7978
21205	141.59123
21207	197.17113
21209	174.74245
21211	186.69385
21213	194.87654
21215	146.89736
21217	176.95642
21219	164.58402
21221	147.41143
21225	153.56973
21227	152.42286
21229	125.93394
21231	160.57956
21233	191.99892
21235	256.80327
21237	335.40639
21239	102.38099
22001	196.05091
22003	102.38591
22005	167.29155
22007	156.66491
22009	184.68941
22011	270.92363
22013	215.9399
22015	134.30734
22017	106.79035
22019	212.03172
22021	306.1741
22023	204.81136
22025	343.31903
22027	211.70098
22029	217.47969
22031	191.14393
22033	177.09225
22035	183.89239
22037	253.55086
22039	150.22795
22041	424.81255
22043	108.35461
22045	131.82739
22047	114.81281
22049	229.59033
22051	164.40761
22053	221.34056
22055	195.99893
22057	150.40708
22059	223.12803
22061	92.56995
22063	148.44192
22065	401.36522
22067	179.4566
22069	157.75477
22071	110.77245
22073	95.44465
22075	175.52901
22077	205.73928
22079	159.08026
22081	177.04291
22083	382.98413
22085	238.70518
22087	195.40226
22089	164.37478
22091	105.75278
22093	146.30937
22095	247.71602
22097	217.50536
22099	167.07241
22101	149.13382
22103	132.07936
22105	193.44704
22107	296.20367
22109	172.63329
22111	179.88633
22113	141.5249
22115	120.74429
22117	168.29524
22119	203.22633
22121	147.08878
22123	279.26687
22125	172.46621
22127	178.03086
23001	113.84597
23003	108.91124
23005	90.75514
23007	127.82519
23009	108.96753
23011	110.50992
23013	80.29653
23015	108.19939
23017	99.72488
23019	132.2399
23021	152.72481
23023	112.20347
23025	135.18181
23027	120.36274
23029	138.97821
23031	99.72234
24001	152.53602
24003	119.28422
24005	134.09532
24009	141.65333
24011	162.87214
24013	131.6768
24015	126.70267
24017	141.33528
24019	115.47762
24021	110.37485
24023	143.66993
24025	127.02065
24027	101.87133
24029	131.64665
24031	83.00511
24033	149.00345
24035	90.21833
24037	147.50679
24039	247.40705
24041	105.91502
24043	120.82365
24045	175.67415
24047	134.67987
24510	186.24419
25001	94.865
25003	112.42942
25005	114.58223
25007	92.23894
25009	103.98839
25011	103.23861
25013	114.54519
25015	123.78249
25017	95.05417
25021	97.29483
25023	117.11679
25025	105.02926
25027	101.86534
26001	187.30158
26003	117.12745
26005	109.37853
26007	145.54418
26009	101.84913
26011	157.85992
26013	163.3329
26015	101.22375
26017	101.13806
26019	124.35718
26021	104.63036
26023	125.57829
26025	113.05825
26027	132.62515
26029	111.33153
26031	123.3982
26033	133.00141
26035	150.89442
26037	91.89035
26039	164.30457
26041	116.76799
26043	125.40697
26045	96.57675
26047	115.65008
26049	146.46989
26051	119.24574
26053	174.01904
26055	105.69253
26057	116.77933
26059	137.86947
26061	151.05315
26063	102.93234
26065	105.73789
26067	96.78621
26069	167.86934
26071	146.91084
26073	111.69894
26075	140.95203
26077	98.14283
26079	115.35469
26081	127.52659
26085	105.87539
26087	146.10859
26089	65.5617
26091	133.97794
26093	129.89498
26095	133.56704
26097	159.68347
26099	114.37162
26101	93.41872
26103	102.09479
26105	77.81292
26107	123.73647
26109	139.19587
26111	85.4869
26113	121.92134
26115	112.92971
26117	111.74594
26119	162.24221
26121	108.30221
26123	111.65132
26125	120.73142
26127	146.99325
26129	143.36588
26131	157.88947
26133	133.36811
26135	243.32258
26137	114.75582
26139	105.66403
26141	106.77431
26143	179.21191
26145	105.06504
26147	127.55413
26149	124.63082
26151	123.90643
26153	200.85662
26155	124.89095
26157	112.16431
26159	147.17987
26161	102.74097
26163	172.86637
26165	127.71358
27001	76.86258
27003	69.77797
27005	90.09321
27007	106.34718
27009	77.75176
27011	116.31176
27013	81.76365
27015	100.36263
27017	116.58698
27019	76.08889
27021	69.91742
27023	94.78123
27025	87.06714
27027	92.69197
27029	122.58152
27033	94.54535
27035	84.25951
27037	70.45432
27039	98.7014
27041	98.54046
27043	112.98724
27045	81.99179
27047	88.17078
27049	80.8241
27051	88.39852
27053	64.86103
27055	97.98257
27057	69.67981
27059	82.41454
27061	99.53228
27063	128.77983
27065	135.01534
27067	99.39668
27071	93.8449
27073	130.37024
27075	81.25237
27079	109.903
27081	139.54903
27083	108.96153
27085	94.59651
27089	79.31206
27091	99.40629
27093	87.34649
27095	82.37608
27097	95.18246
27099	74.82202
27101	54.01551
27103	81.19339
27105	50.21631
27107	92.61639
27109	61.59924
27111	123.5927
27113	74.75468
27115	101.13839
27117	88.37617
27119	93.01229
27121	52.26028
27123	78.23617
27127	68.45154
27129	112.29157
27131	82.99999
27133	142.98223
27135	76.39435
27137	103.29624
27139	65.96485
27141	76.15967
27143	105.96224
27145	75.33346
27147	85.66365
27149	116.8073
27151	102.18932
27153	94.86655
27155	176.63029
27157	62.70874
27159	136.03795
27161	84.02317
27163	71.90132
27165	92.29963
27167	174.67432
27169	101.6457
27171	85.49309
27173	80.88604
28001	215.02722
28003	241.69377
28005	165.07145
28007	181.01165
28009	169.05607
28011	188.12393
28013	238.35737
28015	134.70418
28017	232.00666
28019	248.4002
28021	278.69597
28023	220.97504
28025	201.58607
28027	199.29936
28029	206.90312
28031	187.69006
28033	188.14953
28035	176.85181
28037	237.0276
28039	113.47773
28041	263.30893
28043	235.0963
28045	178.47465
28047	87.41151
28049	155.92962
28051	196.02278
28053	291.6132
28057	197.94842
28059	141.90099
28061	199.78498
28063	170.42802
28065	211.54035
28067	164.64258
28069	239.58755
28071	155.43093
28073	161.8816
28075	232.99504
28077	268.42197
28079	236.49212
28081	170.55141
28083	180.0773
28085	155.53745
28087	203.84416
28089	148.51827
28091	244.17376
28093	135.60654
28095	196.10705
28097	265.4737
28099	278.71645
28101	281.62732
28103	340.60667
28105	201.84261
28107	182.00547
28109	206.80016
28111	254.27037
28113	131.81981
28115	141.38792
28117	202.26722
28119	252.13897
28121	210.72633
28123	261.0747
28127	317.84706
28129	250.59271
28131	221.30528
28133	151.63717
28135	173.60797
28137	118.15916
28139	213.28015
28141	230.92357
28143	340.7529
28145	243.21647
28147	202.23061
28149	207.02766
28151	134.07414
28153	160.19429
28155	207.24565
28157	232.75587
28159	171.85308
28161	257.16733
28163	175.16086
29001	132.45616
29003	134.72954
29005	158.50836
29007	107.30768
29009	192.73269
29011	143.57848
29013	176.79816
29015	181.0884
29017	147.28526
29019	103.82352
29021	151.05458
29023	178.55901
29025	140.73263
29027	137.13159
29029	129.16059
29031	118.76474
29033	270.55015
29035	154.64405
29037	120.81465
29039	203.27786
29041	148.19411
29043	134.41596
29045	150.08279
29047	107.23438
29049	121.41602
29051	142.79494
29053	213.12939
29055	247.95796
29057	128.01533
29059	147.3537
29061	158.25588
29063	138.45567
29065	168.55535
29067	116.97865
29069	229.22176
29071	133.31155
29073	164.23464
29075	200.37643
29077	107.09208
29079	193.6077
29081	175.41251
29083	179.36776
29085	142.21127
29087	188.40396
29089	141.64146
29091	186.59211
29093	216.18082
29095	123.9705
29097	203.89449
29099	136.85636
29101	176.2001
29103	160.45753
29105	111.88947
29107	111.18197
29109	136.64117
29111	173.49987
29113	160.16493
29115	166.12334
29117	120.03524
29119	173.87752
29121	180.21775
29123	124.577
29125	235.6754
29127	127.59039
29129	169.77047
29131	172.80452
29133	365.42638
29135	150.24872
29137	148.23676
29139	206.65417
29141	138.12986
29143	278.45515
29145	215.48407
29147	119.19691
29149	375.10662
29151	180.12401
29153	158.54804
29155	277.59395
29157	178.85963
29159	154.83385
29161	165.15366
29163	122.2542
29165	98.00461
29167	155.69581
29169	101.42121
29173	142.92375
29175	148.42279
29177	176.1421
29179	190.16257
29181	260.20575
29183	101.15142
29185	209.22803
29186	130.51211
29187	160.07554
29189	111.76162
29195	164.09641
29197	167.70602
29201	173.35003
29203	153.0471
29205	141.58526
29207	141.36603
29209	138.10062
29211	119.10511
29213	174.14603
29215	125.01167
29217	192.53016
29219	172.55287
29221	183.64505
29223	126.68051
29225	176.16189
29229	171.05095
29510	151.8303
30001	89.30891
30003	111.71089
30007	174.9578
30009	77.09438
30013	99.96369
30017	94.54976
30021	84.3473
30023	134.97677
30027	107.90592
30029	125.19102
30031	121.22708
30035	126.85276
30041	137.80279
30043	145.61459
30047	131.36991
30049	100.75058
30053	135.90908
30057	112.77333
30063	94.66742
30065	175.46915
30067	104.13228
30077	135.92748
30081	100.52393
30083	94.55942
30085	196.7542
30087	175.66137
30089	124.04122
30091	148.4223
30093	156.70419
30095	135.45286
30099	125.22074
30101	136.87291
30105	137.46882
30111	99.43858
31001	174.63824
31011	119.05092
31013	119.03058
31019	102.07466
31021	98.97995
31023	133.80751
31025	109.90231
31027	86.50565
31033	75.23486
31035	134.62967
31037	73.54476
31039	132.79282
31041	101.71496
31043	94.4471
31045	112.204
31047	106.70841
31053	81.50425
31055	96.74704
31059	134.48932
31065	123.00614
31067	96.20998
31079	90.85142
31081	144.02662
31089	116.62389
31093	129.58658
31095	142.38572
31099	101.28516
31101	119.93819
31107	104.82046
31109	70.77152
31111	151.705
31119	157.9603
31121	115.03293
31129	126.47267
31131	83.62962
31137	86.77398
31139	112.33918
31141	108.92144
31145	86.47159
31147	87.25517
31151	143.14094
31153	84.1773
31155	79.58888
31157	76.20554
31159	125.2684
31161	122.02983
31169	167.97979
31177	79.6757
31185	83.39688
32001	132.92509
32003	143.27043
32005	94.64872
32007	125.65173
32013	145.54313
32019	137.25185
32021	229.73458
32023	210.32948
32031	124.02544
32033	146.11103
32510	112.25406
33001	127.69288
33003	87.44375
33005	89.71116
33007	141.63857
33009	109.69068
33011	91.66702
33013	100.18292
33015	106.12933
33017	90.52593
33019	117.71666
34001	132.29349
34003	88.57479
34005	120.3855
34007	135.33922
34009	111.79429
34011	151.37051
34013	125.16631
34015	137.47362
34017	111.68287
34019	100.57891
34021	118.97293
34023	108.20076
34025	106.10402
34027	96.27331
34029	113.02543
34031	117.041
34033	128.80819
34035	93.15207
34037	124.09711
34039	114.89195
34041	102.09239
35001	103.63028
35005	109.20826
35006	100.97364
35007	124.35067
35009	155.33955
35013	84.86919
35015	98.27434
35017	100.50118
35025	125.91166
35027	73.35874
35028	73.25064
35029	144.81787
35031	90.49188
35035	139.34576
35037	121.08948
35039	101.9244
35041	152.42077
35043	102.20151
35045	106.15098
35047	116.36615
35049	84.47912
35051	166.73602
35053	156.37791
35055	63.47706
35057	120.042
35061	120.49676
36001	115.45411
36003	131.33617
36005	96.65572
36007	124.23364
36009	137.08336
36011	89.91292
36013	133.08993
36015	112.99093
36017	251.98663
36019	121.63714
36021	141.29864
36023	102.52829
36025	151.91798
36027	108.83879
36029	121.21683
36031	101.99702
36033	96.11421
36035	102.40397
36037	151.55389
36039	155.79695
36043	118.51275
36045	172.11676
36047	80.80048
36049	105.87779
36051	106.34382
36053	91.65262
36055	124.22669
36057	136.20984
36059	78.63226
36061	73.73064
36063	148.4652
36065	124.47404
36067	95.94456
36069	102.64709
36071	107.49026
36073	145.20584
36075	105.57176
36077	146.90339
36079	67.2338
36081	66.50696
36083	134.00821
36085	97.32174
36087	111.96834
36089	124.89222
36091	107.29849
36093	118.90219
36095	96.83037
36097	128.29446
36099	111.22768
36101	126.07251
36103	92.30115
36105	120.87808
36107	104.85583
36109	115.00237
36111	112.0387
36113	114.7663
36115	123.19324
36117	112.34751
36119	82.31349
36121	108.73557
36123	99.12954
37001	113.0151
37003	138.26335
37005	128.21714
37007	133.91001
37009	119.64243
37011	161.63918
37013	157.34549
37015	111.91622
37017	191.25519
37019	131.96349
37021	129.63592
37023	114.46577
37025	131.08574
37027	147.02858
37031	116.21638
37033	140.30443
37035	122.99485
37037	118.17596
37039	149.59241
37041	134.70878
37043	178.97727
37045	163.09207
37047	197.22288
37049	129.34497
37051	123.33179
37053	135.05693
37055	102.73516
37057	146.84745
37059	129.89719
37061	114.00316
37063	108.5852
37065	148.41
37067	104.21038
37069	130.92263
37071	159.19997
37073	104.19008
37075	162.78997
37077	117.83981
37079	128.90645
37081	109.40356
37083	147.54866
37085	124.79386
37087	154.15687
37089	101.01919
37091	85.00068
37093	111.73976
37095	135.77057
37097	160.85096
37099	140.04576
37101	168.52181
37103	148.122
37105	120.78854
37107	151.34782
37109	131.75145
37111	128.72935
37113	126.16225
37115	135.24993
37117	135.527
37119	100.30487
37121	214.41063
37123	108.86439
37125	105.77778
37127	143.76987
37129	126.44404
37131	93.96027
37133	119.961
37135	104.79819
37137	133.62417
37139	142.62755
37141	107.2464
37143	131.90427
37145	155.68205
37147	122.67185
37149	100.14858
37151	127.17171
37153	158.12371
37155	137.11634
37157	150.16409
37159	157.73334
37161	155.92726
37163	142.41911
37165	153.0938
37167	157.79654
37169	117.52488
37171	133.15626
37173	238.42746
37175	125.81154
37179	116.03058
37181	143.66974
37183	90.68828
37185	121.51428
37187	216.79342
37189	118.68182
37191	148.23127
37193	123.61381
37195	110.00909
37197	150.54428
37199	154.71378
38003	73.26855
38005	182.59411
38009	97.96726
38015	75.19363
38017	111.93802
38021	137.811
38029	160.49415
38035	106.9065
38045	158.12709
38053	129.44387
38055	65.24109
38057	158.7385
38059	70.34234
38061	144.72069
38063	201.69805
38067	116.60187
38071	183.89766
38073	95.19723
38077	112.20361
38079	153.35054
38089	92.35805
38093	112.57884
38097	112.37246
38099	77.76048
38101	119.02824
38103	97.35829
38105	93.73307
39001	175.74375
39003	121.31752
39005	104.38093
39007	114.83185
39009	133.42431
39011	128.95299
39013	135.29809
39015	120.56905
39017	109.13735
39019	125.52998
39021	119.47578
39023	144.76233
39025	107.51823
39027	132.37186
39029	123.74916
39031	138.41182
39033	102.2942
39035	103.20087
39037	103.98652
39039	116.72147
39041	87.30094
39043	106.76873
39045	101.94121
39047	188.31718
39049	115.46067
39051	96.60128
39053	152.63343
39055	92.79826
39057	89.36027
39059	123.46202
39061	107.92964
39063	131.97986
39065	220.77676
39067	102.02011
39069	102.76882
39071	188.84952
39073	146.74588
39075	118.95453
39077	129.01479
39079	116.1431
39081	193.32934
39083	144.34784
39085	96.78521
39087	155.01913
39089	102.75526
39091	135.94378
39093	88.21499
39095	115.61384
39097	131.29475
39099	143.84365
39101	108.66817
39103	106.079
39105	155.43978
39107	177.78579
39109	104.57032
39111	158.77264
39113	110.67447
39115	119.56178
39117	92.11434
39119	134.22566
39121	94.43523
39123	112.6397
39125	86.0099
39127	130.84654
39129	114.66814
39131	152.05942
39133	108.68047
39135	130.86484
39137	100.97066
39139	114.40351
39141	150.42977
39143	91.13451
39145	179.63014
39147	133.96984
39149	111.03871
39151	91.8349
39153	112.54917
39155	123.64035
39157	143.28686
39159	79.10967
39161	108.68545
39163	136.61283
39165	106.761
39167	122.15711
39169	111.74095
39171	99.25288
39173	132.6028
39175	120.4251
40001	158.70984
40005	154.18112
40009	240.63785
40011	188.2622
40013	163.24286
40015	159.09984
40017	147.13017
40019	204.18697
40021	136.6589
40023	280.38217
40027	121.50967
40029	351.42348
40031	150.96437
40033	230.56433
40035	240.78048
40037	185.57082
40039	152.33617
40041	161.10796
40043	197.6028
40045	152.83305
40047	151.89279
40049	162.14206
40051	125.01954
40053	150.01736
40055	147.12872
40059	226.17331
40061	138.81581
40063	223.65083
40065	179.97158
40067	186.4049
40069	174.4985
40071	167.2443
40073	107.60407
40075	227.68956
40077	167.82604
40079	159.05592
40081	154.41716
40083	128.64874
40085	178.36694
40087	178.86761
40089	171.06965
40091	182.93388
40093	112.62211
40095	163.75016
40097	211.60855
40099	186.48971
40101	194.03646
40103	180.79067
40105	185.10994
40107	162.50319
40109	141.39794
40111	204.48296
40113	167.95144
40115	166.91996
40117	186.8108
40119	144.39557
40121	190.76653
40123	166.36059
40125	146.06266
40127	189.37658
40131	154.70961
40133	171.49781
40135	166.30981
40137	201.82766
40139	154.58267
40141	158.10946
40143	170.11372
40145	155.90447
40147	150.71033
40149	162.88448
40151	153.2057
40153	208.49092
41001	103.51045
41003	82.81149
41005	82.90991
41007	75.72078
41009	99.17979
41011	95.06306
41013	82.28062
41015	128.44892
41017	80.46082
41019	103.07846
41023	96.12501
41027	85.3694
41029	82.91003
41031	85.63472
41033	92.90398
41035	98.47027
41039	77.54956
41041	116.43207
41043	117.84979
41045	161.24522
41047	97.86071
41051	85.05283
41053	79.31141
41057	73.40051
41059	98.97906
41061	95.51577
41065	93.82904
41067	73.49953
41071	81.79158
42001	99.54694
42003	122.95952
42005	135.69868
42007	124.75858
42009	127.95781
42011	130.35858
42013	146.35068
42015	107.64318
42017	109.56042
42019	110.72402
42021	134.13163
42023	135.01144
42025	136.28292
42027	142.7069
42029	100.86332
42031	150.20333
42033	151.40572
42035	159.78221
42037	201.77442
42039	141.16522
42041	126.40246
42043	152.0147
42045	135.22062
42047	121.56385
42049	135.88945
42051	122.95118
42055	108.41894
42057	100.58641
42059	175.69748
42061	128.73051
42063	138.63284
42065	146.97185
42067	121.0542
42069	178.1159
42071	108.61768
42073	110.49681
42075	128.30475
42077	108.19198
42079	162.84454
42081	125.09506
42083	141.17592
42085	132.76422
42087	112.2883
42089	111.35138
42091	109.06344
42093	131.71142
42095	97.81671
42097	174.88983
42099	147.56262
42101	154.48041
42103	131.4855
42105	131.13143
42107	165.29365
42109	139.12037
42111	136.71919
42113	139.52377
42115	120.18363
42117	145.48722
42119	145.10853
42121	108.30084
42123	143.33071
42125	105.30968
42127	165.34621
42129	130.40487
42131	134.63951
42133	114.2932
44001	119.89495
44003	112.02419
44005	106.51828
44007	122.73266
44009	108.54368
45001	148.28025
45003	149.66183
45005	203.75412
45007	118.82867
45009	149.5874
45011	148.87533
45013	75.60761
45015	132.56695
45017	169.94697
45019	107.45172
45021	193.32727
45023	176.68825
45025	193.05944
45027	158.12202
45029	166.6703
45031	235.07229
45033	262.42731
45035	123.3094
45037	176.90029
45039	208.90138
45041	222.4307
45043	136.48439
45045	99.87136
45047	128.28477
45049	142.47944
45051	143.15101
45053	196.66149
45055	128.29695
45057	174.848
45059	127.92197
45061	158.83411
45063	137.73307
45065	123.79959
45067	276.72962
45069	316.92855
45071	181.20271
45073	128.27238
45075	127.52517
45077	139.16269
45079	146.36234
45081	157.92889
45083	111.02291
45085	150.58374
45087	169.8177
45089	143.97387
45091	107.31269
46005	81.6553
46009	83.32915
46011	103.79261
46013	106.72424
46019	107.45187
46023	141.25561
46025	135.15831
46027	114.09675
46029	97.6894
46033	81.11809
46035	105.05515
46037	174.08247
46041	234.97564
46047	194.62468
46051	114.04603
46053	164.14517
46057	108.09111
46065	113.77198
46067	100.14101
46077	133.45009
46079	117.59417
46081	126.95681
46083	71.23841
46087	132.3191
46091	146.44531
46093	111.94171
46099	76.46692
46103	102.27519
46109	144.27831
46113	163.34872
46115	119.86417
46123	201.07449
46125	83.72471
46127	101.03028
46135	89.30891
47001	136.66121
47003	211.9398
47005	189.21346
47007	120.25859
47009	108.17846
47011	163.62055
47013	159.12125
47015	140.90002
47017	237.32262
47019	158.59318
47021	162.79401
47023	115.95071
47025	230.09845
47027	167.21625
47029	195.26281
47031	150.15479
47033	163.98808
47035	95.8902
47037	144.70182
47039	178.93952
47041	222.76668
47043	146.04753
47045	152.07814
47047	151.08594
47049	159.0277
47051	138.32735
47053	159.8525
47055	187.45327
47057	161.24301
47059	183.91384
47061	162.45477
47063	136.71467
47065	109.32924
47067	219.42852
47069	142.81039
47071	140.12519
47073	163.38526
47075	244.33112
47077	171.20816
47079	170.75623
47081	120.39043
47083	144.89532
47085	142.74005
47087	173.77736
47089	161.5718
47091	110.80214
47093	127.03626
47095	137.06492
47097	152.1249
47099	153.89271
47101	227.6086
47103	200.47102
47105	107.69086
47107	160.53733
47109	201.88229
47111	153.61331
47113	168.30796
47115	131.31498
47117	182.78808
47119	140.78937
47121	302.41447
47123	168.27681
47125	137.24349
47129	176.49491
47131	183.74365
47133	201.46383
47135	153.09094
47137	127.77831
47139	173.0386
47141	131.66
47143	172.6969
47145	138.30953
47147	212.51401
47149	132.37834
47151	142.83877
47153	141.91232
47155	150.68922
47157	138.96943
47159	175.47853
47161	123.79192
47163	105.90048
47165	155.01875
47167	148.77327
47169	182.71751
47171	153.02823
47173	151.50834
47175	155.25895
47177	170.52844
47179	177.20821
47181	192.77557
47183	147.76703
47185	165.31101
47187	97.4591
47189	147.01975
48001	191.36799
48003	147.67355
48005	160.9689
48007	162.06982
48009	107.78539
48013	124.81481
48015	137.7868
48017	139.25667
48019	90.93425
48021	127.85886
48025	159.05166
48027	138.32556
48029	112.73519
48031	165.79388
48035	114.29607
48037	194.78121
48039	142.31372
48041	119.92663
48043	115.54996
48047	167.89298
48049	171.00165
48051	178.91662
48053	117.76085
48055	127.50331
48057	113.08503
48059	152.30803
48061	127.52693
48063	148.50683
48067	236.49356
48071	138.86881
48073	181.87427
48077	205.7386
48083	133.29693
48085	105.23328
48089	147.5317
48091	93.40923
48093	215.38156
48097	167.08993
48099	127.49882
48105	245.89669
48107	197.27222
48111	211.42368
48113	121.13763
48115	110.63183
48117	114.96109
48121	101.17787
48123	174.36
48127	128.00314
48131	188.17602
48133	172.85774
48135	102.10506
48139	131.85736
48141	77.34949
48143	107.04905
48145	296.43286
48147	249.32004
48149	151.38182
48157	98.47362
48159	160.83293
48161	161.02349
48163	129.92651
48165	159.91189
48167	126.58191
48171	114.79268
48175	128.24068
48177	97.91364
48179	108.25987
48181	165.02396
48183	189.66782
48185	128.11149
48187	127.73564
48189	129.39922
48193	163.7095
48195	205.1927
48199	132.54541
48201	120.72073
48203	145.68033
48207	109.88958
48209	90.67572
48213	170.66104
48215	138.79877
48217	137.91719
48219	156.28646
48221	104.14143
48223	188.31044
48225	182.47089
48227	112.99327
48231	180.63029
48233	167.4708
48237	186.1349
48239	135.62037
48241	179.15562
48245	134.00957
48247	283.72877
48249	178.26953
48251	152.37989
48253	170.89756
48255	191.63234
48257	199.74365
48259	115.18668
48265	98.6914
48267	228.75272
48273	152.84188
48277	186.99399
48279	160.17862
48281	125.32716
48283	180.26541
48285	160.34355
48287	164.11309
48289	135.9906
48291	224.34443
48293	162.49401
48297	159.92955
48299	121.05454
48303	133.99638
48305	143.3941
48307	182.73134
48309	150.9988
48313	172.37358
48315	160.18829
48321	180.06072
48323	118.81309
48325	141.34953
48327	221.13033
48329	126.19931
48331	118.73834
48333	146.25395
48335	153.42128
48337	189.5541
48339	137.93689
48341	117.85058
48343	150.6539
48347	133.93508
48349	141.06351
48351	270.05238
48353	162.72059
48355	85.10776
48357	144.41512
48361	148.84983
48363	185.82363
48365	125.25388
48367	140.67717
48369	167.3981
48371	87.64063
48373	198.463
48375	135.7834
48379	125.99643
48381	111.98935
48385	237.09396
48387	170.69728
48389	183.26848
48391	136.71892
48395	196.41658
48397	124.54117
48399	125.23588
48401	212.47675
48403	204.98892
48405	204.9239
48407	150.8437
48409	126.41751
48411	132.73504
48415	128.79648
48419	218.79405
48423	172.57225
48425	114.92518
48427	169.76147
48429	194.10602
48437	141.58228
48439	127.96236
48441	159.41169
48445	142.48188
48449	133.97227
48451	111.24699
48453	91.30826
48455	203.50475
48457	146.09521
48459	201.58209
48463	116.75031
48465	141.49335
48467	122.62017
48469	139.98504
48471	144.06982
48473	154.61216
48475	104.87987
48477	115.59
48479	98.37358
48481	121.47728
48483	183.5043
48485	137.17144
48487	137.56042
48489	94.05219
48491	89.2253
48493	131.22122
48497	160.92797
48499	191.97336
48503	194.4852
48507	101.39189
49003	119.34309
49005	78.88459
49007	161.95057
49011	88.13636
49013	110.89582
49015	120.34131
49019	110.5403
49021	118.31396
49023	172.6802
49027	76.10335
49035	104.80635
49037	86.13301
49039	137.68439
49041	135.95109
49043	104.56947
49045	117.67082
49047	151.44558
49049	105.23946
49051	101.54545
49053	76.60926
49057	96.21412
50001	101.47816
50003	96.52729
50005	110.58735
50007	96.88054
50009	160.52119
50011	114.19991
50015	117.6214
50017	118.96294
50019	116.28654
50021	128.25667
50023	102.25466
50025	96.9877
50027	96.50349
51001	159.29045
51003	91.38463
51005	169.66207
51007	115.67027
51009	176.06541
51011	159.38174
51013	97.52536
51015	122.97792
51017	179.02338
51019	145.26879
51021	159.18224
51023	138.14635
51025	247.77365
51027	195.47081
51029	183.13715
51031	139.36312
51033	134.07267
51035	126.36984
51036	168.38961
51037	197.51803
51041	109.46451
51043	156.76689
51045	148.41504
51047	125.65826
51049	148.80685
51051	165.10148
51053	164.51102
51057	154.03761
51059	78.45307
51061	111.42211
51063	116.0137
51065	139.73118
51067	126.53932
51069	119.36901
51071	137.17492
51073	158.01458
51075	115.93544
51077	120.02736
51079	106.5169
51081	228.43391
51083	141.4479
51085	117.90047
51087	108.59789
51089	142.82005
51093	119.05391
51095	82.60808
51097	162.27673
51099	109.0633
51101	128.34087
51103	138.45502
51105	177.45013
51107	85.67253
51109	129.8613
51111	209.89279
51113	131.90842
51115	129.97615
51117	197.08967
51119	131.3255
51121	129.34299
51125	135.47095
51127	148.87711
51131	164.93487
51133	118.52246
51135	279.65262
51137	102.04952
51139	172.05771
51141	141.55906
51143	117.14209
51145	144.63151
51147	217.76677
51149	117.09191
51153	90.89396
51155	177.25732
51159	127.73341
51161	143.67035
51163	122.96213
51165	105.01387
51167	204.76018
51169	151.61851
51171	126.3221
51173	148.742
51175	140.90292
51177	101.45191
51179	111.1741
51181	113.93822
51183	164.16312
51185	209.80437
51187	137.45308
51191	132.51003
51193	131.01323
51195	193.53592
51197	142.38032
51199	105.11638
51510	99.83749
51515	123.18272
51520	133.50031
51540	125.28138
51550	131.60402
51570	127.08183
51580	140.10236
51590	135.47302
51595	189.55745
51600	123.02451
51610	97.44831
51620	114.8269
51630	130.93798
51640	176.412
51650	136.49811
51660	92.17354
51670	134.78734
51680	138.91135
51683	115.06983
51690	213.25143
51700	126.19773
51710	167.93007
51730	194.43119
51735	115.14052
51740	142.94259
51750	140.57539
51760	152.79702
51770	200.3648
51775	174.17437
51790	128.20581
51800	138.65644
51810	112.0378
51820	122.28451
51830	177.32229
51840	133.1385
53001	98.13685
53003	70.74044
53005	102.61032
53007	77.51798
53009	88.94211
53011	83.97643
53015	110.86109
53017	87.09844
53021	100.31277
53025	97.34363
53027	107.63928
53029	87.64476
53031	74.86068
53033	83.83512
53035	96.31738
53037	109.94005
53039	96.80429
53041	134.84936
53043	161.90256
53045	88.38066
53047	113.98191
53049	116.70154
53051	94.53751
53053	107.55596
53055	48.52245
53057	81.33965
53059	110.19845
53061	98.1851
53063	94.32441
53065	128.70579
53067	82.59194
53071	109.68746
53073	90.48411
53075	106.39677
53077	169.76605
54001	137.07548
54003	139.1029
54005	124.53886
54007	105.813
54009	137.52531
54011	128.21261
54013	127.80701
54015	123.52822
54017	138.93693
54019	146.16095
54021	107.77944
54023	136.21843
54025	149.00911
54027	128.13443
54029	136.67489
54031	169.55123
54033	148.91508
54035	115.98431
54037	156.72982
54039	121.32814
54041	195.53229
54043	146.7922
54045	138.57313
54047	207.02586
54049	125.64679
54051	158.88131
54053	116.1593
54055	139.75602
54057	134.83489
54059	211.84881
54061	132.38937
54063	141.15105
54065	166.08326
54067	144.36955
54069	131.95699
54071	93.41394
54073	204.54175
54075	125.52926
54077	116.20617
54079	117.72482
54081	148.9658
54083	110.19259
54085	166.15523
54087	130.53413
54089	131.48933
54091	130.96462
54093	148.0466
54095	185.91382
54097	124.59265
54099	129.52211
54101	154.05961
54103	152.76235
54105	204.1391
54107	207.43098
54109	181.41717
55001	149.75498
55003	136.94524
55005	121.45214
55007	133.96541
55009	149.55691
55011	101.10396
55013	88.48282
55015	90.38756
55017	113.6849
55019	124.3634
55021	102.59348
55023	113.53127
55025	87.2428
55027	127.61092
55029	170.17272
55031	101.92539
55033	108.52887
55035	97.56218
55037	205.64211
55039	93.48298
55041	175.66633
55043	132.22865
55045	99.28285
55047	115.17221
55049	142.01349
55051	137.99224
55053	118.02904
55055	128.05981
55057	106.15371
55059	111.07906
55061	147.41915
55063	97.1134
55065	128.30167
55067	147.35
55069	124.03493
55071	117.69073
55073	100.7612
55075	122.10472
55077	70.74314
55079	99.78865
55081	138.93994
55083	199.61854
55085	145.49047
55087	103.95899
55089	112.47482
55091	206.23229
55093	120.05011
55095	111.94767
55097	93.95086
55099	149.46439
55101	105.66728
55103	106.75631
55105	112.33598
55107	94.36131
55109	125.43061
55111	144.82747
55113	140.4781
55115	146.40876
55117	136.2127
55119	143.08308
55121	137.51799
55123	115.15647
55125	139.73864
55127	108.74102
55129	178.15742
55131	103.05217
55133	89.84799
55135	161.59496
55137	188.74673
55139	100.17658
55141	109.59862
56001	127.5947
56003	126.47577
56005	163.42846
56007	153.30627
56013	139.1942
56015	148.83649
56019	137.31853
56021	154.47429
56023	115.33447
56025	117.76318
56029	118.08503
56031	95.89647
56033	108.79526
56037	112.71329
56039	89.23867
56041	149.49259
56043	167.68386
56045	143.21455
